6,47,55,63,78,83
36,38,49,63,67,69,74
8,50
36,38,45,51,52,61,62,63
0,7,42,52,81,94
4,5,6,17,36,39,41,53,55,73,78
35,38,85,87,93
11,93,97
9,11,18,35,63
8,14,42,69,87
39,40,43,59,80
7,14,21,25,40,43,83,85
8,10,38,60,69,93
36,38,63,83
8,9,38,45
8,57,73,85
0,7,12,61,73,86,91
42,50,63,85
26,92
11,23,29,46
0,4,14,20,26,63
11,38,42,62
13,72,95,96
17,38,80,83,84
6,18,19,33,48,62,75
11,12,14,21,62,63,71,83,87
3,18,21,61,62,68,81,89
38,40,60,63
11,13,74
11,80
23,57,69,79,87
5,7,17,28,32,38,40,43,52,61,67,70
3,7,36,47,72,74,85,93
43,45,69,89
3,9,29,78,95
17,38,93
47,74,98
0,28,65,71,72,89
39,71,80,86,87,96
3,4,12,15,40,48,61,87
3,33,47,69,74
21,31,33,43,45,47,48,69,73,78,81,83
17,33,36,61
3,26,36,40,52,61,62,63,83,86,87
5,35,38,43,61,63,77
6,28,48,51,63,85
6,11,59,66,81
36,51,52
5,8,21,40,57,85,89
20,33,63
17,83,90
28
8,14,35,38,86,95
39,42,63
5,31,59
21,26,29,41,62,70
3,48,61,69,80
1,11,28,43,82,86
5,35,36,63
7,33,86
14,28,91
45,57,77,81
26,43,61,63,83,86,96
21,50,63,88
31,62,69,80,87
12,28,29,67,89,93
8,12,20,43,50,63,72
38,48,62,87,97
3,23,29,40,73
11,47,92
17,66,81,83
17,28,35,71
21,25,31,38,81
35,50,95
13,66,67,85
25,35,38,70,71,74
36,51,59,62,63,87,97
8,81,87
21,43,69,70,89,97
13,29,51,57,70,83,85,89,95
23,42,72
23,28,36,46,51,63,68,69
3,36,38,67,74,81,83,85,95
38,69,71
36,49,66,78,87
21,28,36
21,28,38,40,48,57,69,74,84,86,87
38,43,45,48,67
8,17,27,36,40,48,74,82,86,87,89,91,93
13,34,35,38,52,63,66,71,89
7,47,52,68,80
21,49,63
12,25,51,72,83,85,93
3,8,10,28,38,62,73,81
13,26,36,69,85
3,12,23,73,76
8,35,38,41,61,63,69,97
14,35,48,51,57,61,63,69,86,87,89,90
38,40,42,69,74
0,63,93
60,69,90
17,36,48
3,11,24,61,80,95
28,39,63,72,92
3,9,17,72,80,85,87,95
8,11,47,71,74,89,91
9,34,38,42,80
3,12,47,48,55,68,88
11,40,66,78,81,95
5,7,11,28,33,38,47,67,68
12,83
38,69,87,89
0,8,38,48,71,72,76,85
13,17,40,69,85
28,36,38,78
4,11,29,87,93
11,14,23,48,81,85,95
25,27,38,40,73,80,81,92,97
13,33,38,46,47,55,80
7,8,9,17,26,63,75,98
13,17,25,78,79
14,39
10,13,34,35,38
27,71,86
14,17,36,57,68,83,92
9,11,17,29,36,42,48
11,38,43,63,76,81
0,17,36,38,48,61,63,69
16,28,39,63,69,93
7,9,14,22,27,28,53
14,36
22,27,29,38,89
25,29,35,52,80,84,85,87
48,88,89,93,99
31,38,47,51,53,72,91,99
39,42,81,85,89,93
57,87,93,99
3,11,12,23,36,38,41,61,91,95
23,43,87
23,38,80
3,5,36,40,68,71,95
14,71,74,76,78,87
25,38,39,46,90
18,25,27,36,68,72,81
69,72,95
7,9,20,23,52,90
18,33,63,78,90,92,93
22,43,48,63,87
8,38,40,43,48,68,85,94
63,69
8,12,14,50,66,74
19,23,38,39,48,67,69,81,83,91
0,11,38,51,71,96
25,36,38,42,50,55,69,97
13,47,62,63
4,10,40,61,62,63
4,14,25,36,38,43,51
28,39,87
4,26,28,33,38,69,81,87,93
48,73,86,93
23,74,96
12,51,62,86
9,21,36,38,90,98
3,8,17,20,35,43,48,61,80
8,11,36,46
8,13,28,33,39,40,87
13,17,34,49,85,87
12,38,45,63
6,19,25,33,73,75,87
8,35,39,61,69,72,85
7,12,66,83,86,87,95
4,38,57,61,78,80
97
35,47,48
0,5,7,11,29
5,14,29,38,46,69,72,80,86,90
11,36,43,52,67,78,85,87
5,17,25,26,33,63,69,72,81,87
8,26,38,59,68,69,72,85
36,38,81,99
3,5,28,35,38,43,63,73,87
14,28,39,49,83,95
23,36,87
6,34,40,48,69,89,94
7,28
24,43,69,78,93
13,28,40
40,72,78
24,69,86,88
38,45,66,92
8,11,13,19,21,28,35,51,61,66,72,73,80,90
9,11,12,36,38,61,63,67,69,87
3,8,17,81,85,87,89,93
0,62,72,73
5,63,68,84,97
14,25,38,49,52,55
63,82
14,43,47,63,87,95
8,14,17,38,42,49,51,83,87
12,38,41,47,73,76
29,35,36,81
31,38,49,59,85,93
17,19,35,62,87
63,86
14,28,36,43,48,68,80,86,98
0,6,9,12,13,25,40,53,80
8,17,28,35,38,39,47,63,74,75,80,93
17,36,72,95,97
28,39,70
3,8,23,38,48,61,63,69,73,87
48,61,62,71,93
17,43,52
25,35,48,70,71,77,80,87,97
9,16,26,38,39,62,78,90
10,28,39,69
13,14,40,68,97
12,36,47,52,69
3,7,24,27,83,85
95
4,8,9,16,17,19,21,73
8,63
9,28,39,63,72
7,40,46,67,85,87
9,36,48,61,83
36,85
4,8,9,60,63,66,67,81,85,87
7,21,63,67,69,85
8,39,43,48,67,87
17,28,33,48,52
23,26,34
3,42,43,69,85,95
26,81
12,19,28,36,47,48,52,88
29,38,62,63
52,80,83,87,92
7,17,42,49,63,83
8,23,48,72,86
36,39,67,68,73,85
20,94
3,12,21,23,49,93
3,19,41,43,72,87,90
8,23,28,36,42,45,48,63,97
17,19,46,51,87
6,9,36,63,71,74
3,35,36,60,87
4,17,23,61,86,89
7,15,36,51
9,10,18,25,41,57,87
6,11,36,48,67
3,35,38,83,85
3,7,28,33,38,68,83,95
5,14,63,81
21,23,27,33,36,38,61,93
3,11,40,72
11,13,28,61
12,70,87
28,31,40,60
51,63,71,72
8,10,22,29,34
28,34,47,49,51,71,89,90
21,40,51
13,60
43,50,73,80,92,93
8,24,48,61,68
7,8,11,38,39,85,93
63,67,71,83,95
9,27,51,69,87
5,15,18,21,23,33,41,48,50,60,66,69,71,81,83
12,14,36,43,69,83,97
8,10,29,34,48,67,69,81,84,86,87
14,19,26,49,73,95
29,69
8,16,28,48,67,74,78
27,28,60,85
23,41,47,60,63,81,83,89
8,23,40
10,13,14,21,26,29,40,68,69,85,97
17,35,43,46,69,71,85
10,23,36,40,69,78
7,48,83
3,17,45,69,94
14,43,63,72
10,17,34,42,63,69,72,79,85
9,19,47,93
33,78
17,22,35,36,43,45,69,74,89,97
13,51
19,29,41,62
27,40,42,62,72,81,83,88
28,42,43,57,93
9,48,63,69,87,93
3,5,38,53,72
28,39,46,71,86,87
17,36,41,97
0,4,8,11,36,48,69,78
8,22,26,28,29,40,41,70,80
3,52,60,63,68,74,94
21,26,60,69,73,86,87
3,23,38,67,69,70,80,87,91
5,7,8,41,59
7,8,17,34,50,52,55,71,83
3,11,31,35,38,83,87
36,52,59
7,22,25,34,47,51,87,89,97
13,21,35,43,48,63,89
14,15,17,29,36,40,63,72,75,86
5,23,28,36,40,46,69
11,15,26,61,69,85,86
35,63,65,67
9,21,36,38,67,85,87
38,47,63,90
12,21,36
47,49,52,66,71
17,23,38,51,87,93
17,38,60,85
48,70,71
8,9,13,24,28,50,63,81
28,50,62
3,29,34,38,81,87,93
24,43,46,63,67,95
14,48,69
20,38
28,31,78,83
33,36,47,63,74,83
6,8,38,50,68,77,87,93
7,25,36,61,73,92
61,63,69,71
6,17,28,29,61,63,74,87
15,25,28,36,38,49,51,61,80,81
39,92,95
3,14,38,63,78,85,86
38,42,60,63
8,61,70,85
6,8,39,68,76,78,83,89,95
8,11,12,36,40
4,35,38,40,55,89,97
7,36
43,61,72,81,86
15,40,72,87
13,60
11,17,69,73
8,29,53,68,80,87
21,48,62
3,11,24,80
8,17,38,40,42,78,87
7,9,23,26,34,40,42,47,61,97
11,28,38,47,71,98
36,61,71,72,81
3,69,71
24,25,28,38,66,69,73,80,94
3,40,43,47,52
33,34,40
8,11,28,36,38,39,63,67,71,72,83
7,8,21,25,35,38,63,72,78,99
12,21,87,89,90
51,52,94,95
5,17,25
18,40,83,85,89
36,38,39,45,49,53,71,89,90,94
14,51,52
0,14,28,52,87,93
34,38,47,99
14,17,23,39,49
10,38,50,63
8,12,38,39,45,63,93
25,42,43,66,73,86,87
17,29,36,41,62,69,81,97
0,6,9,26,28,38,87
26,45,68,78
3,8,29,38,61,68,87
10,36,86
6,57,67
24,44,47,48,51,61,63,66,69,85,93
8,42,51,72,76
8,26,43,54,62,85
11,29,72,77,88
33,38,39,73
36,39,86,87
14,33,34,63,73,80,87
21,47,87
17,23,34
9,48,61,81,93
0,14,35,42,47,63,67,80,83
7,33,38,66,73,80,81,86,87,95
69,80
28,35,38,40,52,70,71,83
24,25,38,73
3,17,45,85
3,11,36,40,51,72,86,87,91,97
4,14,38,48,52,60,62,63,69,72
7,17,28,32,38,39,43,51,52,61,63
3,19,38,72
14,18,49,80
50,67
5,35,38,43,61,63,77
36,54
26,36,46,63,86,95
17,29,35,36,81
48,62,81
3,7
17,38,57,93,95,96,97
45,63,67,71,85,99
0,9,40,47,63,80,87
26,36,55,71,73,97
14,34,35,41,87
5,11,23,43,62,69
20,63,67,98
14,43,73,83,90
8,73,87,93,98
3,36,55,87
9,14,28,29,40,42,74,81
38,69,81,89
7,17,41,42,43,49,63,81,83,85
39,49,72
3,35,38,40,43,63,86,87,97
3,5,14,51,53,93
6,9,18,55,71,86,87,93
3,8,17,23,87,93,97
3,34,36,39,59,72,78
6,52,88
0,7,11,15,23,29,46,73
17,28,34,36,38,47,55,78
10,38
21,33,36,38,42,71,87
6,8,38,40,42,78
21,28,36,62,94
3,7,24,27,31,38,43,55,83,85
8,38,43
26,29,39,48,69,86
45,48,51
10,13,14,29,38,45,69,85,95,97
42,43,50,52,75,83,85,93
11,47,74,89,97
26,40
38,51,52,60
17,34,38,47,86,93
35,38,44,63,71,87,88
21,63,67,72
66
7,11,36,76,81,92
4,8,11,14,26,28,38,40,47,63,71,78,93
38,69,71
9,38,80,99
24,35,69,86,88
11,29,48,53,57,61,67,85
3,11,21,28,33,69,71,85,86
6,14,62,69,80,83
14,34,38,47,52,67,69,78,93
36,48,51,87
8,9,23,24,25,36,38,47,67,90,98
17,32,48,70
11,66,74,76,86,87
7,39,40,42,73,93
36,38,40,51,70,78
17,47,61,63,68,83,92
15,35,41,43
31,34,36,70,96
3,15,52,63
35,39,43,69,74,83,85,87,94
61,63
3,12,62,63
21,35,38,45
28,36,39,49,63,68,70,85,87
8,17,36,50,62
61,69,76,80,83,89
6,25,36,47,51,71,80
23,26,28,38,61,63,90
5,25,26,48,63
19,39,48,67,91
3,14,24,46,81,87
11,18,38,81,86
10,18,25,33,51,57,81,99
28,49
35,48
31,62,69,80,87
9,38,83,87
0,3,19,29,36,48,87
46,51,66,71,73
21,36,42,54,81,87
8,38,67,69,83
5,6,8,73,93
28,36,63,69,80
14,36,38,61,87
11,63,85
21,31,38
19,23,39,40,61,80
33,97
33,36,38,96
12,14,18,33,38,63,66,67
8,26,78,93
33,39,40,44,80,81,87
5,11,22,38,39,50,66,74,83,90,98
9,28,47,48,71,83,87
28
0,12,86
3,17,49,53,87
3,48,69,86,87,89
8,29,31,43,63,67,70,78,83
3,36,38,63,72,83
18,32,33,35,38,62,80,87
9,29,62,69,78,89
28,63,74,75,80,85
0,35,47,51,70,81,92
18,51,69,75
13,24,25,29,38,61,62,73
39,62,72,87,93
20,62,83,86,87,88
69,80,86
4,31,69
35,47,67
40,72
5,40,45,48,67,78,85,97
38,85
0,29,33,48,63,68,74,78
15,63
17,28,36,78
3,11,14,17,40,61,74
4,9,67
12,14,51,79,85,89
11,23,24,41,55,87
36,38,42,47,69,80,83
10,28,36,40,48,83,93
53,63,69,95
38
23,24,41,47,52,63,74,81,87
0,8,21,38,42,73,83
8,23,39,87,97
18,61,63,68,81
21,52,87,90
6,39,40,47,49,53,93
61,68
3,4,23,34,38,60,67,87,93
17,40,48,95
9,10,26,38,43,61,63,69,71,86
29,62,69
11,80
38,69,80
11,28,43,47,48,91
13,17,18,19,46,48,51,55,86,87
36,62,72,73,87,97
14,35,38,67,71,86,95
7,50,72
13,47,63,72,87
3,35,50,86
35,36,48,78,86
29,34,69,87,93
8,35,61,62
14,18,22,26,28,51,85
40,42,43
7,8,10,11,38,39,47,85
3,80,85,87,95
14,36,52,62,85
3,12,47,48,55,93
14,21,66,73
9,39,62
48,62,71
3,13,15,51,62,78,93
69,87,95
8,22,66,72,73,83
36,39,86,87
34,38,67
17,38,80
7,35,48,78,87,97
3,7,15,17,23,28,34,35,36,38,74
6,35,61,69,85,87,91
11,38,43,48,57,63,69,73,87,89
11,47,63,73
12,38,39,80,87,93
4,5,7,11,60,63,69,78,85
57,67,89
4,45,47,85
36,63,77,85
3,9,43,48
3,35,61,87
8,9,17,31,71,74
17,26,51,63,72,87,95
61
36,38,63,67,74
49,63,76,85,87,89
11,42,48,52,69
8,36,39,44,68
13,38,78,83,92,96
3,8,28,36,49,54,74,80,93
3,36,85
7,27,38,62,71,72
3,14,17,51,60,63,68,85
26,38,63,83
11,50,52,63
11,17,60,83,86
18,28,43,75,77
8,17,38,51,83,86
66,81
28,36,61,71,86
5,9,39,43,63,83
23,48,69
38,47
8,47,70,80,81,83,85,87
40,43,60,87
7,17,19,33,35,86,87
0,47,54,57,87,90
14,73,83
62,63,69,94
8,12,17,21,63,66
24,38,67,89
21,43,47,67,78,80
25,29,34,69,87,93
8,49,69,81
0,27,48,57,80,94
21,28,53,55,67,73,94
40,86
12,36,41,67
15,43,55
3,9,29,31,61,69,74,86
17,20,38,41,66,68,85,87
9,21,29,40,51,53,67,69,93
11,38,40,51
6,9,24,29,36,41,62,68,73,80,81
12,48,63,66,70
36,43,87
8,36,39,43,61,76,79
3,9,48,51,72,88
3,17,45,69,94
3,7,11,24,36,38,43,48,69,86,87,89
9,16,34,36,48,52,69,86
17,42,87
15,18,21,23,33,50,60,66
16,33
8,10,36,61,71,90
8,35,50,53,87
21,51,87
7,19,22,25,36,39,48,51,55,89,91,93
21,50,63,88
15,18,21,23,29,33,50,60,66,67,71,72,80
0,27,42,48,62,66,71
13,26,29,38,51,57,70,83,86,89,95
4,15,23,26,50,55,98
0,8,10,26,53,63,73,88,90
3,29,38,54,86
3,9,29,78,95
9,20,22
17,38,40,66,71,86,93
23,36,40,48,66,78
11,38,89
9,11,33,35,40,42,52,54,59,66,68,69,78,85
38,39,45
47,51,94
14,36,53,95
21,43,47,67,78,80
3,25,26,29,52,80,87
29,38
11,39,71,80
17,20,50,76,80,87
3,5,35,67,68,78,80,86,87
10,11,23,26,31,43,55,78
9,38,51,60,92
0,10,11,26,29,46,50,68,80,87
6,38,40,42,47,63,71,72,78,81
11,13,74
3,62,63,78,81,87
21,38,59,63
5,11,39,46,63,68,92
38,52,66
0,16,63,73,86,89
7,25,48,61,85,87
5,17,25,26,28,32,38,49,69,85
14,25,93,97
5,10,36,38,39,43,47,50,53,55,73,80,86,87,92,93,95
5,36,87
9,38,87
3,8,33,35,38,39,53,63,68
3,6,17,38,41,66,68,73
9,23,31,39,48,69,78,87
11,28,44,45,66
52,67
11,28,38,63,73
17,31,86
3,36,39,69,70,73,87
35,36,63,74,85,86
9,19,63,69,92
5,7,41,68,83
28,31,38,47,51,53,63,87,97
5,9,17,36,38,67
38,71,75,83
36,80,85,96
5,22,39,66,83
41,87
52,66,74,86
8,11,48,51,52,63,67,70,87
3,8,18,19,24,38,53,60,63,72,78,87
7,16,32,34,38,47,69,71,85,95
16,18,29,38,42,47,85
3,14,48,72,90
8,12,17,21,63,66
28,33,40,57,78
29,38,66
8,19,52,62,67,86,90
11,29,72,77,88
10,11,31,48,80,85
19,43,47,63,73,87
45,57,77,81
3,25,40,43,47,52
5,9,33,39,43,48,63,83,87
12,40
17,38,43,87,89,90
38,50,69,81,86
3,23,31,40,69,87,98
7
0,35,36,39,61,62,63,74,76,80,87
29,36,63,81
39,48,57,85
69,99
20,28,31,38,62,85,87,95
14,17,38,40,51,66,67,90
6,21,38,46,62,63,81
3,35,36,39,40,99
0,6,34,50
17,21,38,61,71,74,86,89
3,13,26,39,47,49,63,80,85,87,91,95
17,43,53,69,85
7,26,39,51,60
0,3,11,28,55,70,92
38,48,57,63
17,18,36,48,61,70,81
4,21,26,29,35,38,45,86
3,12,23,73,76
11,36,38,61,63
14,34,63,73,87
10,28,38,43,48,61,80,86,87
17,22,33,39,40,67,89,91
5,9,38,39
0,3,14,23,32,41,48,73,88
4,31,69
6,11,38,87
43,62,63,74
9,11,29,36,52,78
17,18,35,38,50,80,96
7,47,52,68,80
8,11,40,47,57,72
36,63,69
3,29,48,56,78,79,89
7,17,37,45,48,67,74,95
8,39,43,48,67,87,93
15,33,69,72,81,90
13,34,48,51,69,81,84,89
15,17,23,28,34,35,36,47,51
7,24,28,29,36,38,48,51,62,72,87
14,23,29,38,68,70,87
19,24,29,36,38,48,62
62,85
5,7,48,53,57,61,66,87
69,70,72,83,87,89
14,17,23,51,72
19,49,55,69,70,88
25,47,48,69,76,89
7,62,67
15,18,19,35,46,50,80,85,86
25,40,41
36,48,69,86,89
14,36,42,86,87
0,11,47,72
3,11,12,33,63,66,67,72,78,87
26,35,36,38,47,48,51,74,83,87
13,29,63,81,91,92,97
7,8,36,38,63,67,90
7,12,38,39,49,51,60,61,80
8,53,69,85
29,36,43,71
3,8,15,43,48,63,78,87
8,25,40,48,87
14,71,74,76,78,87
12,48,63,66,70
4,60,63,67,87
8,28,47,83,86,87,91,97
3,9,28,36,51,60,63,83,93
7,28,38,62,69
3,9,80
0,9,29,40,61,80,81,92
0,29,43,63
17,21,33,35,40,67
26,63,67,89
38,69,71,89
40,68,87
10,35,36,87,91
3,23,38,63
38,69,72,79,85
3,5,36,40,71,95
3,9,17,38,63,74,81
9,26,38,42,61,63,69
21,29,39,62,71
0,10,26,39,63
6,28,59
0,3,17,38,69,72,85
15,38,43,62
8,23,35,38,72,75,78,87,92,99
33,34,38,61,63,69,87,96
21,80,87
36,38,70,87
10,26,38,39,42,48,63,83,87
21,60
21,25,48
17,35,40,52,61,63,74,85,99
42,63,87
36,62,66,69,81
8,20,48,61,80
29,38,39,69,80,85,95
23,36,50
14,17,47,52,59,85
9,14,17,28,29,40,42,74,81,86
9,10,41,87
7,25,34,47,50,55,61,62,86,97
62,63,87
8,16,39,70,73,86
11,16,36,38,81,86
8,18,23,25,43,69,73,81
26,48,89
10,60,68,89,98
10,14,62,71,74,85,86,87,93
14,20,28,38,51,63,80,81
3,36,38,39,45,52,55,69,87
5,9,63,67,85
4,14,36,43,47,49,78,85,94
87,93,97
3,36,40,49,55,57,61,62
63,90
3,9,25,27,51,69,78,87
9,17,48,63,69,95
5,38,43,53,55,87
8,39,48,60,81
8,39,41,73,80,81
3,23,38,49,52,61,69,81
6,9,23,57,63,69
11,69,76,80,81
36,38,42,63,69,72
0,11,76,86
39,53,68,81
36,59,87
29,38,93
8,11,38,46,63,78,87
3,13,15,28,51,62,73,78,90,93
8,28,36,50,69,81,95
8,35,63,71
7,8,17,29,66,73,81,83
45,53,69,85
25,69
4,33,34,45,52,76
3,21,28,40,48,69,85,95,98
48,88,89,93,99
8,11,36,46,63
3,17,35,45,47,63,69,94
22,23,38,47,62,68
33,69,95
5,6,11,28,63,67,80,83
8,17
19,36,38,81
13,34,48,51,69,81,84,89
9,86,89,95,99
13,17,27,74
3,21,43,48,69,73,86,87,89
34,35,81
4,52,60,63,69
10,17,71,87,89
0,11,16,18,28,38,43,97
6,11,40,51,62,63,68,76,83,85,87,93
7,14,25,33,75,83,85
3,11,12,23,47,63,73
3,46,67
9,30,35,52,63,93
11,25,73
29,33,55,72,78,89
17,43,66,69,76,81,85
47,69
0,42,48,62,66,71
18,51,69,75,87
8,23,28,36,42,45,48,63,97
33,36,80,93
9,42,47
9,63,73,74
8,40,51,67,83
13,17,21,24,87,97
7,8,29,47,69,71,76,80,81,85,86
23,24,25,38,43,73,81,83,85,87,99
11,36,40,55,59,63,69,74
8,9,12,33,35,63,73
28,34,52
33,73,80
13,28,38,71
7,21,25,28,36,38,63,85
3,36,69,81,95,97,98
2,9,57
11,19,25,38,61,73,83
9,13,17,61,63,68,85,97
3,5,11,28,36,62,69,71,72,86
8,11,27,36,39,52,68,85,92
36,45,73,83
6,41,85,87,90
8,22,48,63,80
0,39,47,52
9,86,89,95,99
38,51,62,71,85,95
8,28,29,63,69,72,80,93
62,87,94
26,38,63,83
11,28,36,42,59,70,76,81,86
36,52,93
17,27,51,59,89
0,14,28,52,93
18,51,63,69,72,75,87
6,23,41,57,61,79,85,87,90
6,62,63,65,69,83
85,90
5,35,40,63,69,75,80,85,87,95
9,43,45,48,68,71
7,28,85
35,85,87
5,46,54,55,60
38,43,61,63,95
11,51,67,69,73
9,14,38,66,72,83
18,48,51,67,72
4,9,28,36,48,69
25,38,62
9,39,47,69
10,11,24,62,63
8,52,66,71,79,90
23,26,27,74
8,73,87,93,98
5,9,11,29,36,53,81
35,38,44,63,71,87,88
7,38,67,69,87
14,23,28,36,83,89
17,36,51,76,84,93
69,83
41,48,63,69,71,81,83
12,39
8,15,67,69,81,83
8,23,28,36,42,45,48,63,81,97
7,8,38,39,48,57,80,85,95
10,62,63,71,73
3,4,8,23,98
48,67
3,11,15,52,57,63
14,36,43,69,83,97
40,63
3,8,29,87,98
7,62,69,70,87,90
18,36,83
17,36,38,80
1,18,36,44,47,69
51,89
10,14,17,39,43,63,76,93,95
48,55
5,52,67,94
14,35,36,60,62
16,21,24,40,60,73
36,43,81,85,87
38,62,97
10,17,71,87,89
8,21,47,48,63,66,67
0,7,19,25,38,67,69,94,95
6,8,21,29,40,42,63,78,81
25,35,38,70,71,74
11,14,18,33,69,80,95
21,52,73
9,19,35,62
18,21,35,73,78,87,92
43,49,70,71
11,29,34,38
14,17,51,72
36,38,62,92
0,48,61
16,38,66,73,81,85
8,48,61,69,71,73
8,40,49,62,90
8,28,36,66,86,97
21,50,51,69,73,81
22,23,28,38,48,81,86
9,13,38,61,71
34,38,44,53,62
6,23,38,62,72,86
13,86
11,14,24,34,38,40,61,67,71,85,87
7,8,31,38,46,67,85
38,43,48,67
17,93
3,8,10,16,39,52,63,69,97
12,48,63,66,70
17,22,40,50
19,25,38,66,95
38,63
9,13,42,48,49,60,67
9,39,66,76,89
47,63,68,78
24,33,40,49,66,67
24,43,46,73,83,86,87
4,11,34,35,69,87
14,17,21,28,38,40,51,52,61,63,74
8,23,33,38,80,93
10,11,33,34,38,63,87
17,74,81,87
6,24,38,67,69,84,89
36,42,47
9,10,17,18,41,55,57,87
20,21,22,38,43,62,71,81
9,35,85,96
48,53,57,61,63,93
36,39,89
16,27,97
13,18,36,50,74
48,61,78,93,97
20,50,51,81,95
14,22,27,29,38,53,62,89
11,21,24,26,33,38,49,55,61,63,69
19,23,29,33,41,62,67
50,63
8,15,29,69,73
3,36,69,87,93
17,28,36,47,52,63,74,78,81
3,62
7,9,39,40,51,52,72,75,85
11,38,39,43,62,72,87,89,97,99
8,12,14,17
47,63,81,86,87
0,19,22,38,48,72
11,17,28,73
11,38,51
89,93
14,43,53,62
6,18,28,29,81,87,93,97
28,36,51,87
3,11,18,40,68,73,81,90,93,97
11,23,33,38,63,93
10,35,69,71,99
7,47,48,61,85
3,36,60,63,75,88,89
11,23,43,61,62,75
3,9,11,23,28,29,36,43,50,61,78,87,93
11,39,43,54,57,80,83,93,97
3,29,48,56,78,79,89
13,27,38,40,52,74,78
11,18,29,40,74,80,81
8,17,23,34,52,59,61,63,73,87
6,8,21,28,60,61,62,65,68
0,21,28,36,85,95,97
33,47,51,63,73
3,36,38,39,45,52,55,66,69,87
8,10,29,62,86
14,38,69,76
11,17,21,31,69
16,18,29,38,42
9,47,71,83,87
4,11,45,60,63,74,89
4,17,25,43,53,60,72,89,95,97
8,24,72,98
53,60,80
10,17,71,87,89
8,17,38,52,72,80,87,89,95
24,40,67,81,87,97
53,63,69,95
38,48,63
34,47,59,76
33,63,70,80
36,43,47,69,88,91
47
12,63,67
38,63,87
14,29,55,92
4,8,11,14,27,29,36,47,50,83,93,95
14,16,18,61
11,28,34,36,38,67,72,80
17,36,38,81
12,28,50,55,71,86,87,92
28,38,43,48,78,83,86
6,36,47,55,63,67,71,78,83
13,29,61,62
34,69,86
3,11,12,14,21,48,63,66
36,39,43,48,61,66,81,83,93,94,97
7,67,69,86,87
9,34,57,72,74,83,85
3,39,47
28,38,47,51,61,66,67,69,78,86
53,87,95
51,62,69
9,26,47,69
0,47,62,67,69,72,85
7,9,10,22,50
5,6,11,28,63,67,80,83
9,21,39,41,47,49,62,86,87
61,69,86
36,39,41,63,80,83
6,9,39,47,62,63,83
17,38
63,71
8,14,23,48,83,98
33,38,62,72,87
14,28,31,91
28,31,43,50,63,83,87
36,61,80,88
11,26,29,35,36,39
7,8,20,29,40,52,63,73
23,53,69,80
9,14,18,49,52,61,78,93
6,39,68,69,72,87,96
3,5,36,63,69,81
21,43,47,67,78,80
14,63,73,80,87,89
18,72,74
39,63,74
8,39,40,55,66,87
27,28,29,41,63,85
29,47,52,63,69,73,87,98
3,13,15,33,36,47,51,57,63,74,78,83,93
5,8,17,21,26,28,33,40,74,81
7,48,53,62,81
13,20,33,66,81,87
23,36,63
48,63,85
38,68,74,93,97
4,11,12,23,28,38,47,62,72
9,36,38,48,68,85,87,89
14,43,51,62,87
3,63,68,74,87
7,9,14,24,36,40,69
9,23,24,51,73,89
39,41,72,86,87
8,14,29,36,38,46,63,68,69,80,87,95
3,12,23,27,29,38,40,53,55,78,93
3,8,31,34,38,81,87
5,8,43,57
8,9,38,48,67
3,38,48,51,52,60,61,69
23,33,35,38,51,81
8,14,35,36,44,45,60,68
35,66
34,43,59,63,80,87
14,21,23,61,69,78,95
6,8,11,28,63,69
43,63
7,12,35,38,61,85,87
23,32,60,67,69
67,80,86
11,17,69,73
10,38,43,69
11,13,36,43,47,62,87,92,97
15,28,40,71,72,87
8,25,39,66,72
9,38,39,60,76,85,89
11,34,49,69
38,47,71,72
21,23,40,43,63,69,80,81,87,88
14,26,28,48,51,52,62,87
17,23,38,47,84,95
38,40,42,69,74
9,17,33,87
11,41,47,74,85,89
28,38,69,87
7,11,18,38,43
6,62,66,94
21,28,36,62,94
51,86
4,19,21,47,51,63,87
21,35,38,87,90
17,69,73
14,69
3,18,42,61
95
9,10,14,17,25,45,52,54,61,62,93,97
23,69,71,87
38,51,62,73
7,39,42,59,63,73
11,45,60,85
8,14,28,31,47,62,73,78,93,95
11,23,81,95
11,39,42,73,74,80
14,17,28,36,38,63,87,88,93
8,23,28,36,38,42,45,48,63,69,95,97
14,29,36,42,43,55,63,70,85,92
6,14,39,48,78,87
4,9,26,38,39,52,63,66,69
12,85,86
5,36,47,48,73,78,86
7,67,69,86,87
25,38,74,81
0,8,28,38,47,51,63,80,99
9,14,48,60,63,93
7,12,17,38,63,80,83
17,38
3,23,34
4,8,9,26,39,56,63,69,78,87
29,43,69,89
8,36,47,51,63
9,35,39,60,62,68,71,73,80,87,91
17,25,35,36,78
16,35,40,43,70,89
25,81,93,97
8,9,36,43,47,67
3,21,24,43,51,71,83,86
17,47,52,69,72,80,83,93
12,17,34,42,63,81
8,9,21,22,28,61,76,78,87,95,98
3,6,11,40,51,66
28,30,66,69,86
0,38,39,47,52,67,71,86
8,26,43,54,62,85
36,61,80,88
11,12,17,26,40,47,50,70
18,48,69,85,89
3,12,17,18,21,24,28,39,60,92
8,14,28,38,43,53,96,99
4,17,28,36
6,25,36,47,51,71
23,36,48,69,85,97
8,66,89
8,17,23,39,57,62,66,87
17,38,62,96
3,14,26,43,47,54,70,72,85,86,89
3,11,13,22,23,90
8,11,34,40,43,59,63,72,80,86,87
5,9,29,63,69,72,73,81,85,91
8,10,14,33,38,69,85,89
29,68,70,93
4,17,85
26,29,38,86
0,28,33,48,63,71,89,95
7,17,48,67,72,87,94
0,14,48,98
13,50,76,81,85,93
5,29,47,61,67,71,98
6,8,39,76,78,83,95
17,25,42,62
19,34,49,63,80,86,87
8,12,18,21,25,39,63,87
7,22,93
11,28,38,40,63
5,7,15,35,41,43,83
3,25,42,71,77
3,5,62
7,18,28,36,61,63,85
3,38,51,62,66,72,81
3,8,18,36,49,57,67,87,89
28,36,38,85
22,23,51,63,69,73
10,11,31,48,67,81,86
35,36,47,70
8,62,63,69,94
3,6,17,38,40,48,69,72,83,85,87,89,90
0,6,38,42,49,87
12
31,39,48,50,60
5,13,29,61,69,81,90
26,35,40,63,80,86
21,38,69,81
23,49,73,81,85
38,48,62,70,87,97
27,49,90
9,43,47,67
14,35,36,38,70,87,93
63,69
35,48,61,69,89,90
16,34,85,88,93,97
11,14,39,41,42,44,57,69
8,11,29,66,67,68,76,86,87
7,9,47,80,85
3,8,18,20,21,28,49,63,87
6,8,40,51,67,71,83,85,92
38,39,47,51,63
36,47,52,78,87
3,10,28,42,49,53,83,87
14,40,46,63,81,85
36,47,63,66,81
23,36,47,70,80
3,9,36,38,47,64,67,69,76,78,83,85,97
14,28,38,40,62
8,12,36,38,69,71,74,75,83
3,8,10,74,87
4,28,34,38,51
87,97
63,88
8,47,68,89
21,30,38,63
40,43,95
9,11,23,24,43,53,57,87,93,99
14,25,93,97
67,80,83,87
6,9,39,47,62,63,83
6,8,11,48,62,63,80,86
0,14,35,36,48,62,67,70
28,38,41,69,86
40,48,83,87
26,39,48,63,87,95
11,23,36
3,12,23,38,57,63,76,97
7,14,19,28,38,47,62,63,69,92
0,11,14,21,35,47,48,57,63,66,78
28,63,70,71,79,87
11,36,48,61,63,80
17,36,39,48
0,7,13,17,38,61,66,69,90
8,13,17,18,20,36,47,62,63,89
0,4,28,69,71,90
11,69,87,89,97
28,48,51,59,83
1,63,69,85,93
3,8,38,43,61,79,89
8,21,40,98
14,22,39,62,67,81,89,93
3,63
1,7,31,38,50,53,69,75,81,86
3,13,24,29,41,47,69,80,88
7,38,61,63,69,81,85
14,21,29,43,61,69,78,95
0,15,23,33,62,97
3,11,31,87,93
8,12,24,28,53,71,78
9,26,43,61,69,78,83,87
26,38,46,63,70,95
7,11,13,17,33,36,39,53,62,63,78,80,81,83,85
10,38,43,61,68,80,86,87
62
14,63,69,72,87,96
3,53,60,63,73,87
25,36,42,59,63,83
3,43,47,52,63,93
23,26,34,38,53,67,70
13,29,50,51,61,78,81,89,90,93
14,25,36,48,69,93
7,47,52,68,80
26,38,63,83
9,18,23,63
8,14,28,29,34,63,69
1,3,28,33,69,85,86,95
17,24,28,35,38,39,93
9,15,36,70,72,80,83
7,28,32,38,61,74
3,38,63,80,86
23,38,45,61,66,78,81
38,63,70,78,87
0,11,16,18,28,38,43,73,97
8,38,68
28,29,38,69,73,87,90,97
21,35,36,38,45,52
8,25,48
14,29,43,61,70,71,81,93
9,14,29,42,43,67,69,78,80
21,39,49
5,23,26,34,39,55,73
9,43,45,48,68
8,25,33,55,72
3,9,28,55,60,80,87
9,19,35,62,85,87
4,16,17,31,48,83
43,67,73,87
8,13,28,38,40,48,73
7,19,48,72,81,94,95
43,45,48,73,78,83
4,10,14,18,40,49,61,62,63
69,71,76,81,89,95
6,29,32,35,62,63,78
8,24,36,40,41,63,87
22,40,47,66,81
23,24,41,55,87
7,38,47,48,52,68,80
8,9,28,47,53,72,86,87
26,29,39,48,69,86
0,4,8,28,48,69,71,90
3,17,24,34,36,38,45,54,63,64,69,70,76,83,97
17,28,42,48,60,87
3,7,24,47,72,83,85
42,96
9,17,28,36,38,40,80
6,17,23,28,40,61
11,13,23,36,38,43,90
19,62,72,94
3,12,51,86
28,35,36,38,39,87,93
29,40,60,63,78
0,3,23,36,39,40,52,63,85
17,36,63,81,87
7,39,53,81
17,60,68,85
43,45,69,89,97
33,36,43,61,69,89
23,63,83,89
48,63,67,95
20,21,28,39,40,69,71,81
5,6,11,28,63,67,80,83
10,28,48,59,61,63,69
38,39,51,61
9,11,28,42,43,47,48,57,87,91
3,42,63,80,85,87,95
40,48,93,95
10,19,38,63,72,74,88
11,18,21,42,47,50,59,71,74,87
4,23,26,38,51,97
8,13,28,40
55,59,74
22,38,63,69,72,73,76
35,36,48,78,86
9,43,70,85,87
8,9,19,39,40,51,67,87
36,61,80,88
28,36,61
8,50,63,73
36,43,48,51,69,87
35,38,69,70,71,74,75,88
7,36,61,67,71
4,31,69
15,61,67,71,83,97,98
8,28,63,69
23,24,29,38,48,69,71
21,36,47,72,87,93
3,12,36,38,47
0,28,65,71,89
8,16,75,85,87
5,10,23,38,53,61,68,76
43,93
42,48,69
4,31,69
12,21,25,29,36,49,69,71,81
9,29,36,43,55,80,87
14,23,57
8,13,24,28,40,43,83,86
7,8,9,17,26,63,75,98
8,26,38,43,59,68,69,72,80,86
3,17,36,69,87,93
28,49,62
3,36,48,62
47,63,81,86,87
14,38,39,52,57,62,85
8,10,23,38,48
13,15,43,87
18,31
66,86,89
48,52,61,69,85,93
49,59
11,23,29,31,46,48,78
26,86
0,3,26,34,35,38,50,55,63,69
22,28,38,48,81,86
14,36,48,51,52,69,83
18,33,52,53,63,78,90,92,93
22,43,52,63,72
10,13,36,68,71,86
14,21,26,60,78,88,93
12,13,50,72
16,39,40,43,47,48,71,72,73,98
7,9,20,23,52,90
40,64,80
3,61,83
5,26,39,63,66,67,83,87,89,95
28,35,62,85,89
11,63,69,83,85
36,72
9,26,38,42,61,63,69
3,33,38,52,62,63,78,80
8,53,67
3,8,38,53,61,87,95
3,11,62,67,93
38,39
6,29,32,35,62,63,78
8,22,36,63,69,78
36,48,78,86
6,15,21,36,60,63,72,78,86,90
4,17,35,38,43,63,70
8,16,38,39,40,48,70,73,83,86,87
38,83
9,26,38,60,63,85
11,20,22,71,72
3,12,47,56
8,17,61,63,68
28,38,78
14,31,43,72,74,76,78,86,87
9,87,89
7,17,19,23,38,42,49,51,63
39,48,51,53,63
38,69,71,98
43,80,87
14,28,36,38,40,57
3,9,40,43,51,52,69,75,80,83,88,89
51,85
43,83,95
0,4,6,7,8,11,12,29,35,45,51,60,63,73,74,87,89
3,7,8,12,17,28,50,51,86,87,92,93
25,29,38
14,52,95
3,17,61,72,89
7,14,85
7,11,26,28,70,99
21,86,94,95
34,43,69,73,86,88
14,38,48,69,80,87
33,69,80,81,86,87,93
3,14,50,61,73,79,84,96
11,28,51,72,86
26,29,39,48,69,87
3,36,38,45,52,55,69,87
21,48,51,94
6,69,70
17,23,67,96
17,23,36,69
14,17,38,63,80
62,67,69,87
6,34,66,70,81
7,8,87
9,12,21,34,76
19,42,86,87
13,35,36,69
43,47,63,68,69,74,99
13,83
16,46,52,63
45,57,77,81
3,28,31,47,83
38,61,69
3,19,34,38,60,72,88,89,97
80,87
3,34,39,40,43,48,69,87
0,3,14,23,32,41,48,73,88
49,55,61,63,92
43,63,69,70,78,80,86
28,35,38,48,73,87,90,97
16,34,41,52,62,83
14,38,39,43,52,67,93
3,11,31,35,38,83,87
8,49,87
15,18,35,46,50,85
11,50
12,23,78
3,10,23,38,56,63,64,66,67,86
9,28,69,83
34,36,42,70
45,57,77,81
11,38,52,61,62,63,71,78,87
47,62,69,72,80,89
8,63,67,85
3,14,51,63
3,9,28,33,39,53,63,71,72
0,16,36,38,48,53,87
34,72,87
4,8,12,39,48,61,68,83,87
4,24,39,43,48,69,78,85,93,96
5,17,21,38,67
39,40,43,59,80
38,51,60
8,17,28,35,36,68,69,71
19,39,43,51,85
9,17,31,33,35,52,63,86
17,46,71,85
8,9,83
3,28,31,38,39,48,53,63
13,33,38,48,51,53,67,87
72,79
20,25,26,36,50,85,97
11,26,29,36,47,48,63,95
4,11,12,59,72,79
8,26,78,93
17,35,63
33,36,47,57,63,74,83
11,28,39,57,63,69,85
40,43,60,87
8,17,52,72,87,89,95
8,9,19,28,38,47,91
48,52,60,62,73,89
14,38,39,52,57,62,85
38,61,81
3,69
3,36,69,81,97
9,28,39,63,72
11,14,17,47,63,73,74,97
14,28,36,59,63,87
9,14,22,28,43,48,53,61,86,95,96
11,47,63,73
12,17,38,41,47,53,57,63,73,76
3,8,29,48,69
8,25,36,80,87
23,36,38,45,63
50,63,76,78,96
38,50,69,81,86
14,19,26,38,63,69,71,83
12,36,73,81,89
8,17,35,43,69,78
4,9,26,39,63,69
26,38,63,83
26,29,35,38,61,80,85,86
7,28,48,61,63,69,71,74,78
14,22,38,69,76,93
8,34,38,43,48,49
34,38,50,55,98
63,74
14,35,36,39,57,67,80,89
8,53,63,68,69,95
19,24,47,67,74,80,98
3,20,47,67,87
5,67,68,94
3,7,8,17,24,35,66,70,78
4,11,16,17,36,38,61,80,85,87
0,8,26,28,29,42,60,73,81,83
11,28,33,38,70
8,34,52,59,80,83,89
5,17,25,47,95
14,38,39,42,63,71,93
39,69,83
9,28,31,34,36,52,67,69,70,83,86,90,96
9,69,78
14,28,38,62,67,85,86,99
36,81,89
47
5,28,39,42,44,55,69
39,48,71,80
21,50,68,78,81,90
8,10,13,14,22,36,45,63,69,78,83
62
9,21,23,24,36,38,90,98
11,62
38,47,49,63,67,78
17,33,48,50,76,80,87
28,40,70,78
3,33,39,53,71
35,48,78,83,89
8,48,63,80
12,41
5,36,67,96
19,29,39
8,14,19,68,86,93
50,83,85,88
28,38,80
26,33,63,69,71
8,10,20,82,89
0,70,87,97
17,39,64,87,89,91
5,66,71,76,80,85
3,23,51
14,17,74,97
24,27,29,38,40,52
11,90
8,12,26,35,36,41,52,70,85,92
3,72
9,61,69
6,11,17,40,63,67,89
8,14,29,40,45,70,87
11,14,26,36,80,83,93,97,99
6,36,73,87
17,42,68,87,92
10,11,31,48,80,85
4,9,48,51,61,63,71
5,28,34,38,44,48,83
9,16,49
51,61,63
47,48,49
33,38,39,43,62,63
3,6,50,76,85,86
40,52,70,83
25,38,57,68,69,80,83,87
10
3,5,48,74,78
29,38,42,46,50,62,69,78,87,89
40,42,47,59,63
9,10,29,38,46,85
89,93
24,35,69,86,88
3,40,44,47,73,85,87
11,17,23,38,47,50,61,74,90,98
28,40,57,63,78,81,83,87,93,97
0,17,21,42,47,50,63,88
13,87,99
36,54,68,81,87,97
7,10,17,48,53,57,72,75
7,8,9,17,26,63,75,98
25,78,87
36,47,52,78,80,87,90
22,26,28,29,40,41,70,80
3,51,63,66,69
3,21,43,51,60,63,72
0,11,16,18,28,31,38,43,49,59,73,85,93,97
8,15,18,40,49,63,69
3,8,11,12,17,34,72,83,97
11,15,17,36,38,62,63,78,83,85
0,29,36,47,62,85,95
8,62,83
3,9,25,78,87
11,12,14,18,28,29,62,63
13,36,38,42,48,49,51,67
8,29,36,85,93
6,18,33,45,83
38,48
3,12,17,21,60,87,92
11,36,45,68,85,87
3,36,38,39,48,60,62,69,70,73,87,97
9,14,50,52,85,88
4,42,47,52,53,67,71,73,87,89
9,13,28,29,38,40,46,52,61,70,93
10,23,38,39,52,93,95
36,38,40
18,19,35,61,95
36,67
67,85,87
7,9,28,38,48,63,69,83
11,16,17,33,38,80,81,86,94
11,38,61,85
28,38,85
0,16,38,48,57
6,7,11,23,40,95
13,29,33,72,78,89
7,14,37,45,47,48,67,86,87,95
38,47,56,71
47,48,95
8,29,63,68,81
5,12,66,67,81,91
5,12,23,33,35,67,69,76,81,83,86
0,14,24,43,52,89
18,25,67
5,7,11,21,36,51,69,76,87
21,28,31,33,38,63,87
4,16,17,31,48,83
8,38,80,87,96
14,47,86,87
5,8,45,67,69,80,85,86
8,9,17,31,71,74
0,3,40,48,78,80,85,97
12,33,36,73,81,89
3,8,12,50,83
8,17,18,36,48,70,72,81,86
61
11,35,63,69,85
3,8,9,25,34,49,63,69,78,87
22,60,73
8,14,17,38,39,49,59,63,83,87
3,8,29,36,48,69,86,87,89
19,48,69,72,83
8,23,26,29,38,48,69,72,73,86
35,43,47,49,63,68,78
23,63,79,83,86,89
0,11,17,18,38,42,51,66
3,38,67,71
14,17,35,47,67,69,70
18,47,57,63,81
12,33,35,36,77,87
17,29,48,86
28,50,55
3,39,74
19,29,31,41,47,60,78,83
12,21,23,36,48,53,61,87
13,29,51,53,57,70,80,83,85,89,95
14,35,67
40,86
7,25,34,36,43,69,76,85
38,39,40,42,68,69,71,78,87,88
5,10,26,38,39,42,46,48,87,97
6,9,17,39,63,69
11,21,38,47,51,76,87
8,66
17,29,36,43,48,61,63,81,88,92
60,63,68,86,87
28,36,39
0,7,38,52,61,68,73,86,91
9,86,89,95,99
8,11,28,81,89
8,11,39,53,69,76,78,87,88,95
9,31,86
48,63,67,83,85
21,28,43,48
3,9,12,17,33,40,48,52,57,88
41,48,63,69,71,81,83
1,11,18,63,69,71
3,21,40,51,53,70,90
0,5,28,40,42,51,83,93
0,7,10,24,38,71,92
5,87
12,17,26,28,40,48,55,85,93
9,25,27,36,81
6,17,33,36
29,40,42,50,63,87
68,92
21,31,38
7,19,38,51,63,69,72,85,95
0,11,14,28,48,69,73,81,98
29,38,48,53,55,68,83,93
35,47,63
8,28,67,69,70,81,85,95
7,48,50,63,80
11,17,18,23,36,38,48,60,63,69,78,87
22,80,89
48,88,89,93,99
76,78,86
3,50,61,68
45,48,51,53,61,67,71,87,89,95
23,38,48,81
28,43,60,61,62,68,81,94
8,35
8,21,33,43,48,61,68,69,81,83
20,26,29,52,76,87,90,94
3,4,34,40,63,85,93
51,94,96
0,13,23,40,66,80
5,25,28,31,34,47,50,59,69
3,35,69,71,80,88
5,23,28,61
3,4,6,8,38,48,66,87
7,19,87,88
22,39,42,69,88,89,91
12,14,17,19,42,63,88
9,60,70,72,80,87,94,96
33,36,43,51,55,61,69,89,93
4,9,18,20,71
11,52,66,89
3,11,13,19,21,28,36,48,61,91
31,38,49,59,85,93
14,22,39,73,95
72,87
39,43,54,57
23,41,85,87,89
14,17,43,74,83
24,35,69,86,88
7,8,17,26,35,43,50,69,78,87
8,17,38,63,69,97
23,39,48,78,87
61,73
23,27,48,69,71,78,83
5,44,48,61,69,73
10,17,29,35,36,62,71,81
31,39,42
6,57,61,67,74,76,93
28,38,86,97
52,67,71,87
69,80,86
0,17,62,76
9,18,40,60,68,83,92
8,23,28,36,42,45,48,63,97
23,35,60,63,81,83,89
3,5,21,69,73,87
10,14,62,71,74,85,86,87
9,23,26,38,42,61,63,69,73,81,86
12,36,69,89
8,14,67
25,50,55,97
99
11,34,42,48,92,95
9,17,26,41,43,48,51,62,69,87
6,7,22,23,34,36,38,48,87,90
7,11,27,63,67,70
5,6,52,85,87
23,25,36,53,69,73
8,36,48,63,81,87
38,48,61
8,48,70,87
11,36,39,69,86,87
3,39,41,48,62,81,83
29,47,83,86,93
4,17,18,29,36,39,66,87
3,11,21,51,63,71,97
0,8,11,25,29,36,48,85,93
5,10,38,43,48,69,80,89,99
17,38,95
8,12,36,38,69,74
0,36,39,41,43,49,69,81,83
0,6,39,47,80,85,90
1,11,21,26,29,40,62,69,74,80,81
11,13,24,27,36,48,69,83,87
11,13,14,40,68,78,80,83,97
21,28,29,36,69,73,80,81,85,87
9,36,62,80
11,17,39,63,69,73,93
3,23,33,38,62,72,87
6,23,38,48,62,72,86
3,14,21,35,38,70,80
8,11,13,38,54,74
9,68,86
8,28,38,69,86,87
12,18,22,36,40,48,62,95
0,9,10,28,35,85
23,36,39,43,66,85
10,12,14,40,43,48
29,57,59,73,81,87
8,38,43,48
35,51,68
29,35,38,61,93,97
83
12,28,29,67,89,93
3,41,62,67,69
5,8,29,61,75,76
3,13,40,41,44,46,86,87,99
57,67,69,70,85
12,48,63,66,70
5,28,38,52,62,70,73
17,18
0,76,93,98
8,12,33,40,67,83,91
8,11,13,35,39,46,48,51,53,63
14,36,48,49,66,69,93,99
3,14,28,33,38,51,63
9,16,27,35,62,81,97
34,36,53,63,67,80,83
3,9,12,21,40,46,48
17,33,62,63,69,72,80,96,98
16,21,29,51,62,63
14,34,63,73,87
11,38,42,63,69,87
35,48,51,61,62,67,69,87,88,93
0,11,17,46,48,71,74,80
21,26,38,78
38,46,48,49,53,60,68,78,89,93
5,40,69
14,23,26,38,47,71
3,14,24,46,81,87
3,5,48,74,78
17,36,38,40,52,61,78,80
9,69,71
0,6,8,13,21,23,28,40,68,78,85,90
0,3,40,52,63
55,67,73,94
23,24,41,55,87
33
11,47,63,73
12,28,29,67,89,93
8,10,25,47,72,73,85,87
26,43,48,52,63,69
33,42,49,63,69,74
11,26,36,51,57,63
0,3,20,55
21,31,36,50,63,70,88,96
49
14,26,67,69
6,19,25,33,75
17,23,26,34,38,42,65
17,36,42,87
3,23,48,49,67
7,28,36,87,88
17,38,74
3,36,69,81,97
17,23,28,61
63,69,72,83,87,97,99
11,36,39,71,80,87,93
20,23,49,73
11,38,51,71
14,31,55,81,92
8,36,48,86,87
3,11,34,36,48,63,78,83
10,17,61
8,23,38,39,46,47,81,93
5,13,87
14,16,20,29,47,48,62,69,83,91
3,39,40,51
9,28,48,52,54,59,61,62
7,28,36,40,72,80
86
10,60,68,89,98
28,36,40,47,62,68,81
4,29,34,36,38,39,69,87,88
63
17,36,48,51,66,69,72,76,84,93
5,26,29,39,47,48,69,74,87
28,36,38
18,38
14,17,39,40,69,72,78,92
13,38,69,78,83,96
9,10,29,38,48,63,71,78,87
18,19,35,61,95
7,8,35,48,49,52,53,57,59,61,63,69,73
8,9,14,18,29,46,68,78
36,38,49,63,67,69,74
0,25,87,90,91
31,38,40,48,49,81
61,72,76,89
11,33,60,63,81,85
12,36,80,85,95
10,26,29,43,49,63,85,88
6,11,28,36,69,72,86
62,68,73
8,10,18,29,38,85,88,89
14,18,29,71,72
13,27,38,40,52,74,78
3,6,25,29,34,36,38,47,72
27,62,63,79,89
8,17,36,63,69,87
8,10,38,40,43,48,63,67,77,85
8,14,19,68,86,93
46,83,89
24,36,38,47,63,73,93
11,18,40,47,63
22,38,48,62,63,71,80,97
28,44,47,67,71
17,48,72,75
63,76,79
17,38,39,43,80,89,97
8,17,83,85,89
0,10,29,69,86
14,78,93
3,8,38,60,63,78
9,63,67,72,97
0,17,50,51,62,63,76
3,14,43,62,69,71
3,8,29,38,39,85
4,11,13,23,33,71
17,29,39,86,93,95
9,28,36,42,61
11,80
38,63,80,87
38,48,62,63,66,71,78
39,40,43,87
17,62,69,81,91
17,23,34,38,62,63
62,86,87
26,36,52,61,62
9,34,35
11,12,61,69
8,14,28,38,43,53,96
24,35,53,63,78
0,11,57,63,87
13,23,38,63
71,87
10,21,28,38,72,90,93
8,28,39,51,63,71,76,78
11,29,34,41,60,69,93
11,36,61,63,66
28,80,83,87
3,8,33,38,41,78,83,85
4,40,47,89
35,38,60
8,21,47,48,63,66,67
8,43,66
40,52,70,83
18,29,48,55,66
1,21,35,87
44,50,93
38,48,83,93
29,39,63,76,93
3,11,33,34,38,46,87
8,35,36,38,45,48,51,62,67,81
3,36,49,72,91
0,7,12,13,23,69,80,81,89,90
14,35,47,52,86,93
3,6,25,29,34,36,38,39,47,48,72
17,23,26,34,38,42,65,80
29,45,66
3,5,35,68,78,87
17,29,35,36,81
35,39,74,83,85,94
0,38,41,62,85,87,89
11,14,17,38,53,63,70,80,85
0,28,38,47
38,87
35,36,38,39,48
3,20,67
39,48,51,53,63
8,17,28,49,69,71,72,93
36,57,89
8,23,36,38,51,69
3,17,21,22,36,47
8,11,38,39,40,63,67,72,87,91
14,28,43,45,52,78
7,8,9,14,28,53,66,72,86,87,95
11,17,23,36,40,45,51
71,76,80,81,87
7,38
28,33,83
29,61,63,72
41,87,95
6,11,35,39,47,63,78,83
11,14,35,36,52,61,73,95
3,48,63,74,93
53,85,93
8,29,63,68,81
17,38,39,71,86
26,28,29,43,45,69,71,81,99
24,35,69,86,88
9,14,60,86
9,23,69,85
23,33,43,61,80,96
13,16,48,61,63,73,87,95
3,62,63,80,88,97
4,28,47,53,62,63,71,78,80,89,98
6,47,62,69,70,72,78,81
26,31,48,69,78
8,11,39,53,69,76,78,87,88,95
3,11,61,80,95
40,42,47,63
3,13,35,36,38,39,40,62,70
0,5,17,48,51,52,61,69,78,87
18,51,69,73,74,75,87
73
36,51,63,71,80
36,55
9,23,36,41,83
36,38,71
28,39,70,72,80,81,87,90
17,25,55,62,71,86
3,40,71,72,77,97
0,10,43,52,72,85
14,24,28,31,35,69,86,88,91
17,28,33,48,52
10,36,43,60,91,95,97
36,51,85,87
8,12,50,68,85,87
0,10,47,69,86
8,30,63,73
9,26,38,42,61,63,69
8,17,36,38,42,76
38,39,49,67
3,36,46,69
5,8,31,49,59,62,69,86,87
9,71,83,87
8,10,63,69,89,97
0,4,13,26,40,42,45,80,85
28,38,57,61,69
9,18,38,47,51,81
3,12,43,47,48,55,74
7,9,14,61,67,93
3,17,40,43,48,49,60,69
8,80
12,51,86
9,19,25,48,63,66,90,92
3,8,14,31,61,63,69,72,78,89
7,18,21,36,40,43,46
9,36,78
11,17,28
36,38,72,80
18,29,71,72
33
38,51,70,83,89
28,36,48,51,87
9,41,60,62,69,92
8,11,12,17,33,36,38,40,80,81,94
8,9,28,39,61,63,68,72
34,38,43,45,67,69,89,97
4,47,49,52,66,71,89
3,18,86
11,28,69,72,86
12,39,51
15,28,61,63,72,74,93
35,38,39,46,51,62,63,71,72,83,87
22,39,67,89,91
14,21,48,63
17,21,28,33,35,38,57,63,87
6,39,47,53,93
54,66,81,86,87
14,25,62,67,93,97
9,35,41,47,62
5,8,26,50,69,85,87
3,29,47,49,61,65,69,86,87
3,11,48,61,85,86,87
9,17,21,36,62
9,11,19,63,81
31,47,53
17,18,36,38,60,63,87
14,28,38,63,66
8,23,38,75,87,92
7,28,40,72,80
5,40,48,49,62,63,67,69,81,95
7,11,17,38,45,66,81,83,91,99
7,10,36,38,71
48,51,63,68
11,24,52,54
13,86
7,27,38,48,53,61,62,63,66,79,89
38,78,89
5,24,34,66,78,81
14,19,47,63,92
7,36,63,67,71,73,86
7,8,29,67,68,87
7,38,39,80,95
10,13,17,26,29,39,50,57,73
18,19,35,61,95
9,27,68,74
9,11,25,50,90,91
20,39,86
0,8,11,17,33,38,63,78,87
22,62,63,71,97
7,9,13,40,51,93
74
15,28,63,81,87
23,63,87,88
0,3,12,19,36,38,47,72
9,63,89
36,39,63,67,71,78
3,11,21,51,63,71,97
38,52,62,74,81
3,31,36,69,81,85
47,63,72,75,80,83
33,48,64,93
5,7,16,43,48,63,81,83,87
7,28,40,55,63,80
8,21,38,48,69
49
3,11,51,89
40,48,61,68,73,85,87
3,6,29,68,87
11,12,50,51,76,83,89
6,10,39,47,53,93
17,41,43,62,69,87
3,11,24,28,61,62,80,95
5,7,35,46,48,78,87,97
28,31,38,87
17,38,43,71
47,95
8,11,39,53,69,76,78,87,95
9,11,31,87
38,45,63,87
3,4,62,85
38,50,69,81,86
8,39,81
9,14,49,69,87
11,51,67,69,73
49,68,78
8,23,40,63
21,33,43,48,69,81,83
4,41,47,57,63,80,99
0,17,28,38,63,73,76,94
3,28,69,85,92,95
14,17,25,39,57,60,61,63
11,14,25,48,50,51,61,87
12,34,39,51,72,73,86
28,36,40,47,62,68,81
8,50,63
17,22,39,51,91,93
14,29,45,51,67,69,86
39,72,86
3,12,36,38,47
8,41,72,93
8,38,48,49,87
29,61,63,87
9,17,28,35,57,61,69,83
15,47
3,12,16,18,29,38,42,48,55
18,42,47,50,71
38,55,61,66
26,28,38,39,48,86
3,17,21,50,69
7,38,39,51,53,87
8,81,87,89
16,18,19,61,81
42,43,63,70,81,85,89
43,70,87,98
6,47,55,63,78,83
80,87,89,94
19,23,25,36,53,69,73
19,43,69,70,85,88
3,17,46,83,89
9,42,47
3,14,46,67,77
3,7,38,66,67,81,85,86,87,95
17,35,43,63,93
34,35
8,21,38,49,68,71,78
8,59,62,92
12,30,34,51,53,85,89,92
17,18,36,38,60,63,87
7,18,28,34,63,96
7,27,40,72,87
18,28,55,61,62,81,90
8,10,20,21,28,29,38,40,94
26,51
0,4,14,20,26,63
11,16,36,38,41,67,80,81,86
0,3,5,28,34,61,95
0,3,14,23,32,41,48,73,88
9,10,48,63,69,74,87,93
8,17,36
3,8,11,52,62,97
3,36,48,50,86
38,57,78,83,85,96,98
3,29,43,48,87
36,53,69,83,87
20
36,40,46
8,34,36,66,86
21,28,45,57,72,77,81
8,17,35,38,45
7,8,17,63,87
33,72,80
3,8,39,40,52,60,63,85,87
0,3,16,85,89
38,68,74,93,97
3,38,48,69
8,15,29,38,43,63,69
69,70,93,97
9,10,18,25,41,57,87
1
10,13,17,26,39,50,57,73
10,11,13,14,40,47,74,89
5,21,28,61,76
13,38,86
3,86
38,69,87,89
5,25,63,69,72
24,63,78,83
38,40,51,74,78,81,86
29,33,42
5,6,35,42,47,48,63,74
9,38,63,69
47,63,73
11,29,69,76,80,81,83,93
3,11,29,67,69,77,85
13,48,52,53
12,36,66
24,25,33,38,52,73,78
36,48,66,73
3,8,9,20,36,44,48,61,89
9,23,36,41,83
14,19,26,49,73,95
0,6,7,17,29,39,42,47,49,51,61,63,71,74,81,87,99
8,14,19,62,68,81
9,36,43,51
48,69,85
3,11,12,38,69,71,89
5,12,31,35,39,59,62,89,93
9,29,38,87
21,43,48
17,25,28,50,55,62,69,87,97
3,8,9,36,38,61,81,93
39,97
25,48,61,66,69,72,87,97
16,96
34,47,61,62,87
11,29,63,76
4,6,38,50,57,62,67,70,83,87
4,10,11,24,43,62,63,83,93
10,26,53,78,81,87,95,97
9,10,26,42,61
12,13,87
69
34,36,38,42,67,76
8,11,12,38,59,61,69
4,11,21,48,61
38,39,44,55,61,67,72,77
25,34,52,63,68,75
3,26,28,35,38,45,50,57,62,70,78,80,94
3,9,13,28,38,60,87
17,38,73
22,25,36,89
72,78
3,14,16,17,20,29,36,84,86,87
4,9,17,47,73
7,10,22,39,50,76
11,18,35,36,38,67,69
8,11,19,21,28,51,61,66,90
14,21,28,47,67,96
11,63,80
17,21,33,35,40,67
28,36,38,67,69,73
4,26,36,42,51,63
29,43,48,57,59,67,95
0,35,86
60,76
12,36,41,63,67,74,87,96
3,23,63,80,85,87,95
9,38,63,69
48,63,71,72,87,93
23,28,36,46,69
17,29,35,36,38,39,81,87,93
8,42,69,73,81
81,89,93
35,47,48,67
8,14,33,46,63,95
3,34,36,38,39,49,59,72,78,80,84,87
19,38,95
3,21,47,73,87,93
3,17,35,36,43,51,63,81,89
9,11,18,35,43,86
38,43,51,60,86
3,6,9,28,35,40,42,48,70,83
38,63,85,90
41,53
23,36,70,93
29,39,51
21,74,87
35,39,74,83,94
11,14,23,36,52,62,72,85
24,46,57,69,85,95
12,17,38,68
29,31,33,36,62,66,70,71,81
14,28,35,36,47,57,61
3,6,11,26,40,67,72
29,70
11,15,35,38,41,71,96
11,36,69,87
8,9,28,48,62,63,81,90,96
17,21,22,43,48,55,69,70,72,85,88
11,22,23,48,49,62,63,71,72,73,76,81,85,97
3,47,61,66
11,36,38,55,73,74,78,88
33,36,43,61,69,89
35,38,39,55,71,92,97
11,39,43,81,97
36,38,68,78
7,51,53,69,73,74
19,39,48,91
5,8,23,29,43
8,14,28,38,43,53,96
36,39,49,68,73,85,86
26,48,63,67,69,71,83,95
17,55,72
3,12,43,61
26,28,45
19,34,49,69,88
34,39,43,45,61,63
20,28,31,38,87,94
17,42,87
11,13,38,42,48,52,69,87
11,14,17,27,51,59,62,78,80,83,87,89,91
11,28,44,47,71
28,34,47,51,74
9,27,51,69,87
36,54,68,81,87,97
3,8,20,48,61,80
4,6,11,38,46,49,60,62,63,67,85,87
17,31,63,83
3,11,24,34,36,38,62,70,80,96
23,43,61,75,79
5,25,63
3,12,26,48,51,62,86,87
9,10,41,57,87
15,28,44,78,92
8,28,47,63,69,83,87,95
38,39,57
39,42,81,85,89
17,22,69
0,52,94
3,33,34,38,39,62,63,67,80,88,96
12,34,47,51,61,63,69,83,86
3,5,36,40,68,71,95
6,29,32,35,63,78
11,17,36,87
14,28,35,47,48,50,63,78,89
38,57,63
5,29,47,52,63,69,73,87,98
16,18,29,38,42
15,28,47,52,85,95
39,71,93
3,11,31,35,38,83,87
5,38,97
10,26,28,38,66,87
9,29,55
6,8,11,36,51,93
36,39,43,54,57,62,66,69,81
8,57,87
9,42,80,86,97
16,48,69
0,4,28,57,69,87,90,95
3,38,51,66
12,29,31,38,39,80,87,93,94
17,19,23,39,40,61,80
3,8,18,38,49,66,87
7,39,42,63,73
45,57,77,81
11,12,61,69
8,26,78,93
14,28,87
26,29,45,61,63,68,78,81,92
14,38,40,67,69,87
38,48
6,7,8,36,38,43,69
5,21,34,38,44,48,49,63
26,29,70
7,35,38,51,62,63,69,87,89,93
8,12,38,71,81
9,12,19,48,61,83
3,11,26,67,70,72,85,87,89
11,51
9,81,90,96
71,87,96
17,36,47,48,62,63,85,89,93
11,21,59,74,87
46,48,63,72,83
3,43,61,68,79,86,87,93,95
3,61,75,88
33,43,80,96
38,39,47,61,72,77
8,43,51,63,72,80,87,97,98,99
19,25,29,35,46,48,68,69,87,93
14,21,48,63,66
34,73,78
3,5,34,61,66,81
6
7,8,11,38,85
9,34,38,42,80
6,9,11,17,36,39,40,47,62,63,83
4,8,14,17,29,40,45,48,70,87
13,69,83,86
8,9,17,19,36,67,81
48,60,85
43,47,63,68,69,99
34,38,45,51,62,67,69,72,85
13,38,40,70
11,38,51,62,69,85
3,8,51,63,87,90
8,12,36,38,69,74
63
26,72,81,85,93
7,26,38,39,48,63,73,81,90
15,63,72,74
25,45,51
3,9,12,25,34,78,81,87
7,28,47,51,52,80
9,43,45,48,68
24,28,33,34,78
3,9,48,51,72,88
12,26,34,48
40,63,86
39,53,94
14,21,35,36,48,52,63,72,75,90
8,11,12,36,38,40
8,11,38,40,45
8,14,38,48,69,70,86,87
5,69,89
32,42,43,49,70,82
28
40,52,61,78
6,39,41,46,52,61,62,72,76,78,93,99
13,23,38,74,87
7,9,25,28,61,69,72,78
3,67,85,93
4,17,40,50,80,94
3,11,40,51,69,85,87
19,29,48
43,47,63,68,69,74,99
8,9,18,23,63
9,17,49,72
40,86
9,21,33,46,68,87
8,29,47,83,87,91
11,19,25,38,61,73,83
14,48,63,85,98
9,11,17,28,34,36,38,40,83
10,34,36,63,83,87,99
0,7,10,14,63,78,92
72,80
14,47,52,59,85
8,11,13,38,54,74
33,35
17,35,36,48,66,67,68,71,87
12,28,42
19,29,62
16,35,63,71
3,8,20,48,61,80,83,93
8,25,34,38,45,63
11,38,42,63,69,87
14,17,63,68,74,78,87,92
17,36,48
9,27,51,69,87
48,78
48,63,72,88
3,12,48,51,53,83,86,87
4,8,9,39,40,47,63,69,75
12,70,87
5,17,20,23,26,39,62,72
3,63,66
8,19,35,61,69,92
14,28,39,43,87
4,11,24,36,42,62,85,87
47,78,87,89
0,14,26,38,51,57,63,68,69,80,83,87
9,15,17,20,23,52,62,76,90,97
4,28,34,38,51
8,48,70
11,26,42,51,52,63,67
11,39,46,49,67,81
38,73,87,98
38,87
0,28,36,44,51,63
18,19,33,35,36,38,41,49,63,72,87,96,99
3,9,26,36,43,51,61,74,78,81
5,36,67,71,96
35,63,87
6,27,39,40,47
38,69,87
8,21,40,48,61,76,79,98
36,63,69,83
14,50,63,78,89
8,25,35,70,80,85,87
21,46,63
0,3,26,34,35,38,50,55,63,69
13,24,38,41,63,80
63
9,62,63,66
17,19,29,61,69,86
11,48,63,92,97
12,51,62,85,87
7,28,72
3,63,71
0,19,33,36,38,69,87,95
17,18,38,63,74,81,87,89
11,24,36,38,53,63,69,71,72,74
16,43,47,48,72,73,98
0,42,48,62,66,71
35,36,63,66,74
13,36,38,40,43,47,66,69,74,95
11,17,25,28,29,43,47,59,61,87
38,42,71
21,28,31,33,38,63,87
5,23,25,34,63,87
8,19,35,61,69,92
43,69,73,78
0,8,35,36,39,68,86
63,71,96
9,19,35,38,67,71,81,83,97
17,36,50,55,63,67,95
17,24,28,29,62,69,81,90,91,95
25,28,29
48
10,11,12,17,92
14,43,48,52,63,72,88,89
3,36,39,69,70,73,87
3,10,23,56,86
5,8,29,31,35,47,50,59,67,87
5,6,17,21,33,36,38,50,63,71
3,16,33,38,69,89
11,23,63,85
8,10,17,33,38,39,43,47,68,92,93
8,19,36,60,69
52,67,86,90
5,23,28,61
14,36,42,86,87
51,55,66,81,87,95
4,11,19,51,63,80
18,29,36,38,59,87,89
97
14,19,47,63,92
8,14,29,40,45,70,87
8,73,87,93,98
5,17,22,25,39,67,89,91
4,17,59,86,87,92
38,90
3,11,69,76,80,81,86,87,89
29,38,69
55,67,73,94
4,8,11,45,60,63,74,89
8,17,21,28,38,69,86,87
25,48,66,78,87
11,17,36,62,63,78,83,85
40,43,67,85
15,33,46,49,63,81
0,3,4,14,23,32,41,48,73,88
25,38,39,46,90
34,35,41,87
35,63,87
8,9,12
13,34,48,69,78,84,93,97
3,14,51,63
4,39,48,73,93,95,98
11,47,66,70
43,81,83,85
8,21,27,36,69,85
7,8,21,29,38,67,68,71,87
6
9,38,48,66,77,83,86,87
53,85
36,38,47,95
8,14,19,52,68,86,93
38,63,67,72,85
8,26,78,93
17,23,36,67,87
7,15,26,38,49,81
4,60,63,67,85,87
9,33,36,48,52,67,69,71,95
11,14,21,36,40,74,81
49,69,78
10,17,35,36,38,48,50
0,3,12,15,17,38,40,60,69,72,89,93,96
0,14,19,38,62,76,81,85,86
8,25,48
0,11,76,86
38,50,98
17,21,38,63,66
29,40,52,60
19,38,67,71,97
11,15,23,48,78
32,38,39,47,81,97
29,40,60,63,71,76,78,80,81,87
6,39,47,53,93
40,52,66,70,83
29,38,43,66,69,87
7,21,25,38,63
14,63,68,74,78
0,3,4,78,96
3,43,87
22,62,63,71,97
9,17,26,35,49,87,89,96
11,14,74,85,93,97
87,97
14,35,39,42,63,72
10,42,62,72,81,83,88
28,38,62,69
11,38,51,71
6,36
0,28,40,42,51,93
0,70,89
8,51,72,93
4,11,14,18,23,28,68,87
1,38,48,69
14,28,63
6,38,53,63,71,87
7,34,38,52,97
19,57,63
39,51,76,78
5,29,38,51
19,35,38,39,72,87,93,96
8,36,40,43,76
3,40,41,51,61,86
29,69,74,85,92
29
11,47,63,73
18,47,57,63,81
8,12,14,17,21,34,38,40,69,74,83,91
11,40,63
0,8,11,33,34,36,40,51,66,69
21,28,36,62,94
17,36,63,95
23,28,41,63,80,81,83,89
7,21,28,48,63,74
54,87,97
7,38,40,47,49,60,74,83
40,51
0,21,29,63,87,90
12,66,67,81
17,19,23,39,40,61,80
3,29,34,38,81,87,93
7,28,51,52,80
3,23,51,62,69,87
6,9,39,47,62,63,83
3,12,35,38,69,85,87,89
18,19,35,61,95
38,64,66,67
8,13,17,18,28,36,38,40,60,63,87
11,19,34,67,69,88
62,67,69,87
3,40,43,44,46,81,87
35,47
11,36,48,52
6,8,36,61,69,78,80
28,36,43,48,51,74,87
9,36,61,62,67,84,87,89
8,9,29,38,39,51,71,85,93
4,7,13,69,85
3,28,72
8,71,73,87,93,98
8,17,83,85
3,12,40,46,48,69,86,87,89
26,29,39,48,69,87
26,29,57,63,69,80,87
23,27,36,38,40,60
13,18,80,86,87
38,49,80,84,87
8,14,40,52,75,85,86
9,39,41,47,49,63,86,87
39,42,63,67,80,83,87,96
10,74,87
50,67,87
0,11,20,31,38,44,48,51,61,63,80,81
38,51,71,72,78,97
70
0,5,17,23,26,59,61,62,73,94
4,52,53,67,71,87
28,48,60,69,87
14,19,26,40,62,72,74,94
5,17,26,62
5,21,28,61,76
1,6,12,36,48,63,67
18,34,69,83,86,87
15,28,38,42,43,47,63,77,92
39,74,97
3,26,43,48,51,53,63,89
11,27,36
43,63,83,86,96
8,13,28,86
11,13,25,63,87
25,35,38,71,74,83
39,95,98
34,43,59,63,80,87
8,17,27,28,39,45,63,71,77,85,89,91
29,33,60,66,69,87,93
5,11,12,23,38,48,72
83,85,89
9,10,14,22,28,38,53
7,52,53,67,86
42,62,72,81,83,88
23,43,87
5,38,40,46,63
3,9,29,76,78,95
38,66,78
14,21,36,69,73,81
4,14,36,43,47,48,49,78,85,86,93,94
3,8,23
48,69,86,89
4,9,26,39,63
28,43,69,76
4,11,12,17,29,38,43,68,81
83,94
11,21,23,31,33,38,47,53
48,52
5,19,39,61,62,87
17,49,51,62,67
23,39,72,73
42,60,68,69,74,88
26,27,39,46,48,73,89,93
4,36,43,47,49,78,85,94
29,36,85,87
6,38,69,83
6,14,29,50,77,87,93
45,50,62,89
36,38,61,68,81,85
9,40,51,52,75,80
23,35,38,43,85,92,95
13,42,48,49,67
8,48,83
3,19,36,48,74
35,67,70,89
38,67,70,85
9,21,36,38,67,85,87
3,61,66,86,89
7,8,11,63,73,80
3,28,48,63,67
14,59,85,87
40,45,52,63,66,80,93
17,38,72,86,89
6,16,29,32,34,35,52,62,63,78
33,36,38,42,69,71,83,93
8,11,38,69,80,81,86,89
11,21,59,74,87
26,36,71,72,80,87
29,36,38,49,87
29,31,94
14,23,27,28,29,36,41,43,63,83,85,89
36,39,55,74,96
29,35,63,80,87,93
11,33,36,39,70,81
36,39,49,81,98
3,5,17,36,40,61,68,71,95
11,33,51
28,40,63,81,83,93,97
38,43,67
0,7,47,48,75,89
20,34,43,67,86
0,4,11,38,39,47,59,61,70,71,80
12,18
47,51,87,97
7,38,42,81,86,87,95
33,35,40,43,63,69,97
3,28,48,57,63,67,69
63,83
29,47,50,87,89
11,17,28,38,43,62,63,71,78,86
5
8,23,29,48,63,72,86,87,95
19,48,83
0,8,38,73,83
29,48,50
38,39,47,48,60,61,72,77,89
34,38,47,55,80,87
38,66,78
36,85
8,19,48,62,63
0,33,54,95
26,34,38,40,63,86,87,95
3,35,38,43,87
23,47,80,87
3,11,72,78,80,87
29,31,39,48,63,81,87,99
29,35,40,52,63,93
18,19,40,61,69,88
39,77,87
8,34,36,86
29,34,36,62,63,69,74,78,80
9,11,38,49,87
23,29,57,59,80,91
21,35,38,45
38,42,76
14,71,74,76,78,87
23,81
36,47,52,78,87
23,38,43,50,69,81
16,18,24,38,42,66
35,36,48,78,86
3,23,43,52,63,69,83,86
4,9,36,48,66,69
18,40,73,85,97
13,38,39,48,93
6,20,29,32,35,38,62,63,78
3,10,25,39,40,63,69,72,97
3,33,72,89
3,7,29,36,49,50,61,69,76,87
38,49,62
17,20,26,63,71,87,88
29,31,38,40,48,87
14,24,25,38,39,57,62,73,83,85,87
47,76
17,36,39,48
5,61,63,68,84,97
3,9,20,47,67,71,83,86
8,16,17,36,46,50,60,71
17,36,38,73,74,77
12,21,23,36,48,61
18,33,81
29,43,45,71,99
14,40,49,63,68,80,86,97
4,7,9,13,23,26,39,59,63,69,78
22,23,28,38,48,81,86
3,15,25,38,51,52,61,72,81,98
0,28,40,42,51,93
43,48,61,69,73,76,86
11,15,23,29,33,46,74
11,47,74,89
3,35,36,48,64,67,69,75,76,83,97
12,34,44
10,60,68,89,98
17,36,40,51,66,68,90
0,11,26,47,69,76,86
10,35,39
36,42,69
8,12,36,38,69,74
10,14,43,63,72,76
28,36,51,55,66,81
3,8,14,17,49,63,83
3,11,31,35,38,83,87
25,50,97
3,7,8,28,36,38,39,90
5,17,29,36,47,52,63,69,73,87,98
3,8,21,30,67,69,85
9,23,28,39,43,63,72,87
3,47,52,62,68,71,73
3,5,73,80,85,87,95
14,34,35,39,48,55,63,72,87,93,95
7,21,25,38,63
3,23,38,63
22,38,47,51,62,76,87
3,17,26,36,38,46,51,78
6,8,46,48,62,63,87
3,14,26,47,55,63,69,70,87
3,36,39,69,81,83,97
11,38,67,73,79
29,35,62,68
9,11,17,36,41,63,83,86,87
17,51,68,81,87
3,29,48,56,69,78,79,89,94
36,43,57,67,89
16,21,22,23,24,40,47,60,68,73
28,36,61,86
17,18,25,47,71,92,95
10,14,29,35
8,38,55,59,87
21,49,63,76,78,86
38,52,67
23,31,40,48,78
34,50,53,62,81
12,35,68,83,87
12,55,67
28,36,38,78,93
3,8,9,31,40,63
3,7,8,13,26,39,41,60,69
3,10,23,56,86
8,12,26,50,87,92
14,29,53,55,92
36,63,71,89,94
32,36,48,68,69,70,85,86
5,29,53
17,18,43,63,85
8,21,47,59,86,87
7,8,25,38,47,78,99
6,35,85,87
6,8,12,26,43,52,61,63,68,72
38,69,71,98
3,69,85,87
3,11,22,23,33,40,48,67,70,95,97
8,25,28,40,51,53
17,23,28,34,61,74,83
4,21,48,62
14,21,26,60,78,88
13,35,61,62,69,80,81
13,27,38,40,52,74,78
8,12,35,38,60,68,69
11,12,66
35
7,43,49,61,62,83,87
17,38,43,87,89,90
28,83
3,28,48,81
5,6,29,48,83,93
0,39,61,67,69,71,81
3,10,62,72,78,86,89
8,21,29,31,42,48
16,28,61,72,95,98
8,34,50,52,63
5,36,38,68,81,87,99
6,10,34,63,66,70,78,81
6,11,12,46,48,55,61,69,84
51,57,60,85
6,23,34,40,48,60,69,78,89,94
14,26,43,55,66,67,74,89,93
10,17,45
43,74
17,21,40,48,95
4,8,17,21,40,48,52,74
26,63,85
3,28,38,43,87
9,16,29,40,60,66,69,81,85,86,89
16,46,52,63
25,49,51,85,87
5,7,21,25,38,42,47,62,63
21,27,28,39,69,87
3,19,38,43,47
9,25,51,69,73,89
35,40,72,81,85
29,38,39,48,63,69,72
38,40,48,72,73
0,52,94
8,36,48,63,81,87
7,24,36,38,48,52,60,62,73,87
0,3,14,23,32,41,48,73,88
5,13,69,87
17,23,26,34,38,42,65,80
3,5,7,29,34,86
3,4,9,17,21,47,85
21,23,31,38,47,63,85,96
13,38,40,63,70
14,23,49,61,78,89,95
9,42,48,57,87
9,14,38
30,34,53,74,85,92
33,38,42,49,60,66,69,76,87
18,47,49,71,72,76,81
29,81
7,24,35,63,73,81,83
5,14,62,80
36,38,42,86,87
48,89
3,11,13,22,23,90
3,13,14,34,53,78
4,11,23,29,31,34,38,60,87,94,97
14,18,29,71,72
7,8,36,37,45,48,67,80,87,95
5,6,27,38,39,40,47,66
3,9,45,62,63,74,75,80,89
38,63,87
10,36,39,42,77,78,90
7,24,27,74,78
11,18,36,38,45,51,62,67,69,72
11,13,28,61,63,81
5,42,61,85
3,52,63,68,74,94
68,69,87,90
10,13,14,45,48,63,67,95
39,80,86
18,48,63,73
3,28,35,68,69
3,48,63,85,86,95
35,38,63,71,85,88
3,4,8,38,60,63,85
3,12,17,21,47,48,60,63,69,74,86,92
7,36,87
11,28,29,51,67,69,92
0,4,28,69,71,89,90,93
3,9,25,78,87
39,72,79,86
25,51,69,83,86
12,14,36,43,69,83,97
7,19,21,29,35,40,63,93
8,17,18,33,38,62,63,69,81,85,97
61,63,69,72,89
40,49,55
12,36,73,81,89
12,22,23,29,38,66,69,91,92
8,28,40,78,83
17,38,48,51,53,69
25,50,55,97
17,26,35,55,68,69,74
40,51,63
23,40,42,78,85,86,94,95
14,29,55,92
36,61,62
21,35,36,38,69
4,36,44,47,63
8,35,63,71
11,15,23,36,46
4,8,25,59,85,87
9,36,40,51,89
6,17,81,90
11,12,23,36,80
3,9,14,26,48,86,87
14,62,67,68,69
36,52,85
8,36,86
16,43,47,48,72,73,98
34,38,48,63,72,83
0,4,14,20,26,63
8,28,63,69,72,73,97
8,11,36,46,63,85
11,29,76,86,87
7,31,38,43,62,63,66,81,83
19,41,72,87
6,24,28,29,38,48,49,68,69,73,74,87,90,97
28,55,62
3,38,48
13,36,66,86
14,18,62,78,90
4,13,52,53,67,71,87
36,52
3,12,26,28,38,62,63
39,42,81,85,89,93
17,53,66,81,86,95
28,46,51,69,83,85,89
3,17,49,53,69,87
8,14,38,86,87
36,78,80
9,52,79,87
9,28,39,63,72
34,87,93
23,45,62,70,85
10,33,38,51,63,71,85,87
12,34,41,81,85
3,5,43,81,83,87
69,70,90
14,28,38,43,63,80
0,28,36,69,72,76,86,93,98
21,57,63,72,81,87
48,63,67,95
12,28,29,63,69,72,87,93
28,36,38,53,89,97
10,36,43,60,91,95
0,3,11,14,35,36,47,57,61,66
11,48,72,76
3,35,36,41,85
3,8,11,28,35,40,43,87
70,87
10,22,24,38,78
18,33,63,78,90,92,93
0,8,38,42,61,73,83,86
8,87
23,44,57,85
1,28,38,43,87,96
6,46,62,63
8,22,26,28,29,40,41,70,80
6,38,69,83
15,27,34,38,69,78,81,83,87,93
3,11,21,51,63,71,97
29,33,78,89
8,36,39,41,47,69,73,78,80,81,90
12,38,49,63,81,87
7,10,36,38,71
28,33,38,47,52,55,71,80,85
48,57,59,66,67,74
3,33,36,47,55,57,61,62
26,38,61,69,70
7,19,87,88
8,32,80,85
36,42,63,87
27,28,29,41,43,63,85
43,63,71,72,80,81,86,97
9,14,36,39,69,70,87,95,97
7,9,14,38,61,67,80,93
26,34,38,63,83
9,19,35,81,83
49,61,66,73,88,93
8,17,21,28,47,51,87,97
36,38,42,50,62,85
21,24,31,35,48,61,69,80,87
8,14,28,36,67,81
23,48,60,63,78
23,36
11,17,61,81,87
8,26,38,59,68,69,72
29,36,71
14,28,35,38,48,69
5,38,81
4,7,28,61,70,74,97
7,17,19,42,49,51,63
18,28,63,81
13,33,48,49,51,69,81,88
83
3,31,33,42,48,51,68,87,88
38,47,49,63,78,87
12,18,21,87
21,66,99
9,19,63,69,90,92
36,67,88
28,38,42,43,63,67,71,78
4,14,36,43,47,49,78,85,94
8,11,14,17,36,51,60,71,78
35,36,48,63,86
23,26,29,42,51,54,95
7,9,34,38,42,66,80,87,93,95,97
3,23,40
9,19,35,36,62,63
9,43,52,54,61,62
22,33,38,55,60,77,87
9,28,36,38,43,48,63,83,86,87,96
8,9,17,40,66
21,26,38,70,71,87,99
0,3,40,52,63
26,38,63,83
11,28,43,53,85
11,48,67,70
20,83,86,87
6,49,69,81
36,60,66,85,87
5,40,49,72,78,87
38,39,67,81
60,85
42,63,70,72,86
9,29,38,43,63,80,83,86,87
63,69,72,83
0,3,10,38,63,70,71,76,83,89,93,98
8,25,38,45
7,39,42,59,63,73
38,52,59,69
5,9,29,62
36,39,63,67,71,78
17,39,42,48,51,53,63,67,71
31,39,48,50,60,83
7,9,38,47,67,80,85
14,35,36,38,70,87,93
4,25,43,73,89,95,97
0,29,63,87
11,28,38,51,61,69,87
17,18,20
10,67,83
14,47,50,62,63,69,71,89
22,61,76,98
0,35,69
43,89,93
3,11,29,33,35,48,98
3,8,28,63,80
28,50,55,74,85,96,97
49
52,69,93,97
7,28,32,38,61
14,23,38,43,47,53,61,87,96,99
0,7,11,14,28,36,39,41,43,44,48,51
9,63
26,29,39,48,69,86
12,26,28,29,67,68,89,93
23,25,36,53,69,72,73
7,8,11,13,36,38,43,51,54,74,88,91
8,9,12,22,42,63,74,85,87,89
11,33,36,47,63
9,11,12,14,18,28,29,62,63,66,96
0,17,18,42,47,69,71
8,11,45,48,55,66
8,11,36,51,61
39,78,86
5,6,8,17,33,36,68
21,38,61,71,87
11,69,86,89,97
28,29,32,36,88
15,18,35,38,46,50,76,85
2,38,62,90
35,47,67
8,14,28,33
3,6,23,29,38,66,69,73,85,87
28,29,61,93
3,35,83
3,5,8,19,36,40,43,60,69,87
8,24,72,98
4,11,13,28,34,38,51,74
45,68,78
4,46,63,66,67
31,61,81,87,89,93
4,6,8,9,11,18,28,63,71
11,50,69,94
9,17,38,71,74,81
5,6,13,17,33,93
11,12,14,17,53,70,80,85
36,38,52,53
9,35,44,85,87,89
33,46,48,63,69,89
36,61,80,88
48,52
21,34,38,47,99
9,28,36,49,69,76,87
7,12,61,63,66,85,86,93
21,28,36
9,35,81
8,9,38,40,41,43,45,98
4,12,21,36,49,87
3,5,7,11,21,47,63,64,67
3,18,48,81
8,47,51,80,87
3,5,9,38,42
3,10,41,60,68,86,89,98
7,8,48,49,51,60,63,81,83,86,87
9,23,36,41,83
29,39,47,61,67,70,83,86
3,13,22,36,38,51,61
40,99
10,35,36,87,91
11,23,36,94,97
0,3,17,31,33,42,51,63,87
11,18,35,36,38,51,67,69
10,38,48,77
19,48,69,80,83,89
19,39,72,87,96
36,69,80
8,17,39,62,73,80,85
19,21,38,47,80,87
10,17,60,62,69,71,81,85,91
3,29,33,48,56,78,79,89
10,24,38,45,63,87
8,39,93
5,9,29,38,47,59,61,63,67,71,73,81,98
17,29,34,35,36,43,62,69,79,81
14,52,74
7,29,38
1,51,62,63,70,72,85,93
8,14,15,63,67,69,81,83,86
5,34,40,45,62,63,81,85
0,8,11,39,57,63,69,74,75,93,97
8,36,63,67
0,4,14,20,26,38,60,63
10,40,93
36,39,41,43
21,28,74,81,84,86,94
9,26,63,69,71
10,17,23,39,46,56,57,62,86
4,14,46
14,28,36,57,63,83,87
15,28,29,36,74,86
69,80,86,98
14,25,28,49,61,67,69,81,86
17,19,28,36,40,42,63,73,87
8,17,25,43,50,55,97
3,35,36,70,80,85,92,95,96
12,23,29,48,51,72,86,89
8,38,52,62,75,87
17,25,71,78,86,87
23,35,38,69,81
29,39
0,17,42,47
5,7,41,68,83
0,48,49,85,86,87
11,36,63,78,80,83
11,26,36,98
3,21,36,49,83,86,96
3,10,19,21,36,48,91
11,12,38,40,44,47,48,51,57,93
0,42,48,62,71
48,63,73,80
29,33,40,62,63,86,93
14,17,33,45,66,69,80,81,93,95
42,89,96
43,74
38,78,96
8,18,25,52,67,75,86
3,8,32,49,63,67,76,77
42,43,69,72
8,40,67,86,87
11,14,36,71,86,87,92,98
3,13,41,47,63,76,97
13,36,39,67,68,80,85
3,29,43,61,69,81,83,92,97
12,14,38,63,73,78
60,80,81
9,18
3,8,55,62,80
13,14,26,36,49,61,86
9,19,36,38,47,66,73,81,87
0,50,63
21,33,40,52,87,90
29,38
17,33,69,80,87,95
17,22,23,27,38,63,69
4,23,24,43,48,63,87,99
20,39,69,79,83,85
17,36,63,87
7,21,28
41,80,87
52,69,93,97
4,18,22
38,80
8,10,19,36,49,80
25,26,68
26,29,47,63,70,73,95,99
9,48,63,80,95
20,33,85
36,83,87
3,36,67,78,80,85,93
4,14,36,43,47,49,78,85,94
3,5,7,29,34,49,63,86
7,8,39,41,63,73,78,80,81
14,29,38,46,63,68,69
17,19,31,34,36,46,51,70,87,96
6,22,33,48,63,70
10,35,51,69
3,11,28,36,59,76,81
7,14,29,42,59,63,73
8,14,38,53,67,85,95
38,51,52,53,80,92
18,20,29,36,38,80,85
8,25
8,11,16,21,22,24,26,38,52,87
3,5,21,69,73,87
8,12,28,50,86,87,92
9,52,54,61,62
0,4,14,20,26,63
8,9,38,45
17,36,47,72,75,89,97
9,14,28,61,69,83,87
28,36,38,63,93
0,8,9,18,21,49,62,87
38,60
0,19,28,35,67,78
8,14,17,20,43,69,85
5,6,11,28,63,67,80,83
48,71,77,97
31,49,59,81,87,93
3,9,21,24,28,36,63,64,66,67
9,19,39,48,62,83
0,28,40,42,51,93
17,35,39,51,67,85,86
3,29,48,56,78,79,89
3,8,60
36,45,67,80
8,10,28,47,60,70,72,93
0,9,10,14,19,39,49,52,61,63,69,81,85,87,93
8,16,75,85,87
8,14,17,49,83
14,38,49,73,83,87
61,63,92
14,36,38,40,49,51,66,67,70,83,89
9,35,63,65,67
17,63,87
36,55,72,87
8,29,34,47,48,81,87
4,8,22,23,38,66,73,80,87
11,39,42,63,70,74,89,93
17,38,95,96
36,39,48,51,59,62,63,67,87,97
9,19,38,81,95
5,36,54,55,70,74
5,45,67,85
3,7,11,14,17,40,61,74,85,89
9,36,40,63
48,51,63,68
24,26,28,34,36,51,62,63,73
3,34,42,73,78
11,17,39,78,81,97
11,80,81,87
6,8,14,19,36,66,78,81
10,28,62,63,83,95
9,62,63,66
23,26,27,60,74
7,26,47,69,85
4,8,9,18,23,28,29,34,43,73
11,29,38,63,70,74,85
7,8,11,38,63,85,87
35,52,70,78,85,87,93
38,47,56,71
40,43,44,73,80,92,93
13,14,68,97
17,36,52,66,68,69,71,78
11,17,28
3,17,45,62,63,67,81
15,36,38,61,88
28,38,48,61,81,93
9,36,48,52,67,69,71,80,95
61,69,87,90
39,40,69,71,81
10,21,36,63,72,96
3,33,39,40,44,47,63,78,80,81,87
8,23,33,35,38,66,81,96
28,30,66,69,86
38,42,71,76,81,87
23,43,44,57,80,85,97
3,36,38,39,45,52,55,69,87
8,10,11,20,28,47,48,69,76,79,82,85,89,99
17,36,85,87
17,31,60
47,48,49
7,25,28,36,40,48,72,80
7,25,38,43,67,88
3,18,35,52,73
3,10,14,17,39,69,71
0,3,11,17,18,63,89
6,34,66,70,81
35,39,74,83,85,94
8,13,38
87
3,10,23,56,86
17,83
8,63,67
7,21,34,38,49,71,83
73,74,86
4,52,53,67,71,87
36,63,69,72,87
14,28,40,47,62,63,85
17,53,74,95
33,68,74,81,87
13,18,36,50,74
10,73,90
14,15,21,38,61,62,69,78,95
28,48,63,76,81
19,93,98
23,36,48,69,85,97
9,28,36,42,59
48,63,67,95
3,22,28,29,43,69,81,95
21,35,38,45,49,76
2,5,11,40,51,52,63
3,14,28,36,41,57,85,97
42,47,59,63
3,21,36,49,63,64,67
17,29,36,47,52,63,69,87
11,17,38,72
3,5,25,35,36,63,69,72,80
6,95
9,38,69,87
10,63,69
6,52,62,69,70,88
4,16,17,31,48,83
3,9,36,48,51,70,72,88
1,29,40,47,52,61,81
67,69,86
14,45
8,14,18,23,28,36,61,81,83,89
3,7,9,17,38,48,63,74,81
8,28,36,87,97
39,40,45,83
7,38,42,47,63,83
9,17,28,36,38,61,70,85
9,11,28,29,72,77,88
7,47,52,68,80
3,9,17,40,57,63,80
0,3,4,29,36,49,72
34,73,78
26,48,51,62,87
13,29,34,40,61,62,69,78
8,29,38,62,83
8,11,48,51,69
38,51,83,89
4,14,28,47,71,93
48,71,77,97
15,18,35,46,50,85
12,33,35,41,51,60,68,85
10,38,71,83,89
3,21,29,38,43,48,69,70,83
46,47,93
62,67,69,87
71,73
1,7,23,25,85,87
8,23,29,48,72,86
8,10,20,82,89
3,18,34,67,72,73,83,86
8,17,28,69,71,72
11,17,48,81,85
8,40,57
18,33,34,36,38,55,63,80,81
31,39,48,60,83
5,7,29,36,61,63,83,93
39,47,49,63,87,91
2,38,62,90
8,22,26,28,29,40,41,70,80
12,21,35,36,38,49,63,76,83,87
36,39,61,62
4,23,43,63,83,86,96,98
4
21,28,36,47,63,80,87,90,93
11,61,74
10,23,24,38,45,52,63,67,87
9,52,66,73,93
8,48,70,87
9,25,42,46,61,85
5,46,97
39,48,71,80
8,25,48
5,21,23,40,43,59,62,83
9,26,38,42,61,63
1,7,11,23,25,38,72,85,87
3,14,51,63
0,12,14,36,38,40,43,46,52,69,83,97
47,83,86
9,19,21,42,50,63,69,71,77,81,87,90,92
35,36,38,69
52,92
11,22,25,63,87
8,25,47,48,51,87
43,50,73,80,92,93
28,46,51
0,6,11,28,30,34,48,66,67,69,70,81,86
14,17,28,36,38,63,87,93
21,43,66,85,89
47,54,61,88
4,10,38,40,51,61,62,63,72,91,99
9,26,38,60,63,85
17,39,59,68,71,73
9,29,41,42,63,67,86
17,93
21,87
29,38,50,55,62
28,29,38,87,93
7,21,35,36,38,63,69,71,83,89,95
21,38,66,80,86,93
33,34,62,81
53,63,69,95
0,14,28,52,87,93
9,23,24,51,73,89
20,63
26,51,73
13,29,38,89
33,48,49,60
11,63,81
9,47,59,60,85,87
28,38,61,66,67
38,60,67,71,86,87
17,28,33,52
18,21,43,47,67,86
8,23,31,36,53,62,69,80,87,97
8,39,48,57,85
7,35,42,47,48,63,83,87,89,93,97
3,17,35,40
38,67,78,98
7,26,68,95
7,28,38,62,69
11,33,51
5,39,48,52,69,95,98
7,39,62,69,80,83,89
29,39,49,51,71,81,87
9,32,48,61,62,93
24,33,36,38,43,51,52,71,78
26,60,63,77,95
9,10,11,63,78,81,87
19,36,48,69,80,89
52,80,81,83,87
8,17,35,43,69,78
48,69,87
7,28,32,38,61,63,77,87
3,12,24,38,45,48,63,69,78,85,92
13,17,27,54,60,66,67,70
6,8,29,42,48,62
4,5,9,17,21,40,85
29,47,48,83
63,83,86
9,23,33,69,87
8,13,60,76,79
3,11,12,14,21,41,54,60,66,67,70,72,83
43,80,93
3,11,31,35,38,83,87
8,33,38,41,83,85
43,86
83,94
9,38,42,51
22,34,62,69
39,63,67,87,94
12,14,36,43,55,61,69,83,97
3,7,11,17,18,38,63,69
8,36,38,69,73,81
11,38,51,66
8
6,49,66,69,81
7,14,21,69,72
3,5,8,16,29,36,39,40,66,68,70,71,73,85,86
0,9,18,38,42,63,66
17,21,33,35,40,67
5,11,38,61,63,67,68,84,87,97
7,19,25,39,94,95,97
6,19,25,33,62,75
17,29,85
9,14,22,28,53
11,17,25,33,73,80,94,97
3,12,51,86
8,14,27,46,69,83,85,87,97
7,27,28,36,48,51,87,94
0,3,4,29,36,49,72
49,57,80,97
3,63,71
0,17,22,38,80,83,86
13,15,38,43,87
38,62,67,69,87
29,38,62,63,81,85,87,89
35,38,39,48,83,93,97
11,13,23,61,69,74
9,42,53,62,67,87
8,21,28,40,74
9,21,22,28,51,61,72,76,98
38,47,69,71
9,21,28,38,47,69,72,93
7,36,69,76
17,21,33,39,48,49,63
24,87,93
29,36,71
22,62,63,71,97
35,47,48
36,54,87,97
9,13,14,22,23,28,53,70,93
63,90,93
11,39,73,93
3,26,28,38,66
14,19,49,50,73,83,87
28,39,40,60,81,85,97
35,36,38,48,78,84,86,93
1,16,18,28,29,38,42,43,63
36,43,63,70,85
35,43,50,61,73,80,92,93
38,46,53,61,70,93
23,40,51,87
39,62,63,85,87,95
5,35,38,48,78,89
7,48,75
52,62,87
3,20,39,67,93,95
14,47,86,87
26,40,61,62
11,29,31,63,74,83
9,28,36,42,59
0,3,36
52,57,63,72,79,85,87,89
8,29,39,68,86
21,29,71
7,8,28,29,38,69,73,86,87
21,47,60,87
21,36,51,63,78
68,90
8,36,42,47,69,73,81,97
39,67,68,80
9,26,47
13,29,36
18,24,28,39
3,25,38,67,71
35,42,43,60,63,87
8,13,27,38,40,42,52,74,78,85
38,55,61,62,69,73,74,86
35,38,61,68,78,80,87,88,89
6,12,17,22,39,70,93
32,38,40,78,80
4,5,17,18,39,48,59,81,86,87,92,97,98
23,43,67,85,94
7,35,38,45,63
3,5,7,8,17,24,35,39,55,70,87
38,47,86
9,78,80,89
0,9,35,39,40,72,80
29,38,40,48,73,74,86
6,27,39,40,47,66
8,29,35,36,38,45,51,62,67,81,85
21,36,48,69,89
21,51,62,69,81
8,68,73,87,92,93,98
12,14,24,36,67,70,78,93
14,21,26,33,36,38,80,99
29,40,47,52,81
8,39,40,59,64,80,92,95
9,13,38,40,46,47,93
10,34,36,52,63,83,87,99
11,16,40,43,44,85,87
11,18,38,81,86
3,28,35,36,59,63,66
3,12,17,21,60,92
0,19,26,38,50,72
3,28,38,62,69,85,95
14,72,80,92
1,3,8,60,63,87
8,23,25,36,48,63,72
21,50,68,78,90
63,72
4,21,40,44,81,87
11,17,47,61,73,80
5,9,67
12,35,36,41,85
14,16,18,48,61,63,79,80
8,13,29,36,38,53,81,93
47,49,74,83
48,78
8,63,78
8,39,48,57,85
17,23,33,36,48,62,78,98
9,11,21,52,69,76,80,81
17,25,57,61,69
21,49,66,78,80,99
7,22,25,36,89
5,97
0,35,47,70,92
11,17,38,68,69,86
9,11,26,38,53,81,87,94
8,11,39,59,63,87
17,21,28,40,60,62,66,68,85,98
38,39,61,62,63,95
0,4,49,83,87
20,34,67,86
28,46,51,69
25,36,69,72,78,89
28,38,47,60,81
14,35,39,42,63,72,78
35,39,70,89
3,12,62
19,34,42,43,55,61,69
29,35,39,40,45,47,59,69,73,93
14,43,53,93
0,8,15,17,18,36,70,82
10,63,72,80,87
13,39,67,68,80
3,11,40,72
9,19,36,38,73,81
14,25,46,49,81,93,97
8,22,33,38,43,61,72,83
38,48
3,8,38,60,63,78
43,60,72,89
8,11,33,38,78
41,43,81,85
7,51,69,87,89
21,29,40,46,71
1,17,35,38,43,51,71,74,83
3,97
35,38,71,85
2,22,38,62,63,71,90,97
3,38,62,63,80,88
18,23,69,87
33,36,43,45,47,48,57,61,63,69,74,83,89,97
8,10,63,69,89,97
8,36,38,77
34,36,38,59,66,67,85
36,47,61,72,81
14,49,52,63,68
43
14,43,53,62,63,74
11,38,51,71
26,29,83,85,90,93
17,18,28,80,89
3,52,60,63,74,94
43,59,71,87
38,39,61,80
38,47,49,85
8,43,59
62,89
23,48
51,62,63,71,72,83
36,39,63,67,71,78
7,16,17,18,23,36,38,67,69,71,75
13,17
38,63,69,72,73
87,93
8,66,87
11,12,41,75,97
23,24,36,40,43,63,86,87,99
6,38,48,53,63,71
38,48,51,89
8,23,28,36,42,45,48,63,97
26,45,78
9,21,52
7,27,62,71,72
21,52,87,90
3,7,44,61,63,74
3,5,48,78
28,31,47,51,60,78,83
11,28,47,48,69,85
11,68
5,8,38,40,43,69,96
28,33,57,79,81,87
3,29,36,61,67,70,73,78,87,98
43,60,72,89
38,39,47,85,87
28,38,81
46,51,78,97
9,36,60,63,90
13,38,43,60,61,62,63,68
3,8,46,63,69,87
4,8,9,14,17,38,47,48,80,83
6,62,63,78,87,96,99
10,15,38,55,66,77,85,93
21,40,63,80,81
7,11,27,29,38,61,63,67,70,85,87
13,22,34,38,41,66,94
4,20,29,63,69
9,10,34,57,63,69,72,74,79,85,92
14,29,48,63,73,80,85
9,14,36,44,48,69,86,89
6,68,72,89,95
50,63,81
5,38,81
21,43,47,67,78,80
11,17,21,39,78,81,97
9,21,24,36,90,98
17,20,38,41,66,68,73,85,87
3,38,78,85,87
62,63,69,94
23,29,38,55,78
11,12,33,45,60,85,93
42,47,63,66,93,98
17,19,24,66,87
17,38,62,96
19,38,50,69,90
43,60,61,62,68
8,10,11,38,63,69,89,97
29,87
9,21,36,38,67,85,87
69,80,87
62,63
9,17,51,86
3,80,85,87,95
15,21,29,63,67,89
17,38,40,60,77,78
1,35,69,74,83,87
11,19,23,25,38,48,61,62,71,73,83
8,25,48,81,83,95
16,66,81,85
7,28,36,40,72,80
19,33,34,49,69,88
3,29,40,67
9,34,57,74,85
10,38,43,69
4,33,42,60,98
14,35,36,67,73,87,97
24,35,53,63,74,86
10,21,35,42,68,74,80,99
9,17,26,35,49,89,96
7,36,85
21,66
34,36,63,74,80
48,53
3,12,75,83,85,93
39,43,48
3,9,17,26,38,43,46,69,87,93,96
3,47,70,80,83
21,41,62
9,21,38,80,99
8,17,36,43,61,87
10,11,31,48,80,85
3,14,29,31,43,60,63,67,72,95
3,14,43,47,95
1,11,28,87
6,7,22,34,36,38,39,87,90,93
3,26,48,68,81,85,89
17,28
11,33,43,89,93,96
6,11,38,53,60
17,36,51,69,72,76,84
3,49,80,85,87,95
34,45,62,63,71,80,83,88
21,26,60,78,88,93
19,33,38,51,62,73,78,89
11,21,27,41,43,47,59,62,73,74,87
5,17,25
9,19,36,73,81
3,44,62,85
18,33,51,63,73,86
6,11,74,83
17,21,40,48
17,18,29,38,39,42,48,57,69
8,25,28,34,36,43,47,50,52,53,69,80,88
49,67
8,16,19,22,34,51,79,89,92
17,33,60,61,63,67
8,26,43,54,62,85
8,17,52,62,68,73,87
34,36,39,45,48
9,10,38,51,63,71
5,15,21,28,36,38,62,66,70,73
19,23,28,87
3,11,17,19,42,61,71,81,87
28,36,38
38,48,61,92
21,48
17,18,38,83,87,89
8,9,17,26,28,45,53,68,72,89
63,83,86
11,42,52,54,59,66,68,69,78,85
38,39,41,60,61,62
5,28,31,38
14,71,74,76,78,87
16,59,87,95,97
9,11,24,52,54
11,23,69
25,26,45,68,70,78
28,29,59,61,87
5,28,29,38,63,87
86,95
26,28,29,38,59,87
3,63,71,87
11,13,17,21,63,73,80
39,77,87
7,14,17,29,35,36,51,52,74
10,29,31,45
13,33,87
8,16,39,70,73,86
3,14,48,71,72,74,93
9,33,69,87
38,49,80,87
4,28,53,63,71,78,98
39,92
8,17,52,72,87,89,95
5,17,22,48,51,52,85,86,87
8,14,28,38,43,53,96
11,21,59,74,87
34,38,67
8,11,33,43,47,63,67,78
23,40,43,47,85
39,49,73,74,80
0,17,35,38,69
33
67,68,87
3,10,14,19,21,36,48,66,78,91,93
24,43,55,61,62,66,69,78,81,93
12,26,51
52,80,83,87,92
34,36,38
0,38,52,63,78,87
17,27,51,59,89
7,19,25,95
13,26,28,40,69
3,11,31,87,93
28,29,35,38,44,49,60,67,69,78,83,86,87
17,35,36,48,69
0,8,11,17,24,26,69,73,80,89
8,24,72,98
34,43,91
31,35,45,49,69,70
13,38,87
8,14,20,29,49,63,67,80
8,35,51,61,62,68
5,10,25,38,43,63,69,81,87
7,8,11,38
5,31
12,80
28,48,83,87
14,17,18,19,39,48,66,70,86,87,91
4,6,19,29,46,63,72,83,87
39,69,74
8,36,52,66,71,97
8,10,50,86,90
23,27,48,69,71,78,83
3,53
11,14,39,40,52,60,69,70,72,78,80,94
21,29,38,77,87,94
3,5,35,72,86,87,95
13,38,66,67,85
3,38,69,89
9,61,93
14,17,21,35,36,47,48,52,67,74,89,90,94
3,8,12,38,51,62,63,68,85,86,89
40,63,76
0,3,4,29,36,49,72
14,96
8,10,29,62,69,86
9,36,39,87
8,23,29,38,43,72,86
0,14,28,52,63,75,93
17,18,23,47,52,62,63,69,81,91
13,14,17,38,40,62,68,96,97
38,39,49,61,67
40,62
3,7,8,17,19,35,39,61,69
14,39,95
36,61,63
15,18,35,46,50,85
8,17,29,35,80
11,29,38,63,70
8,11,46,63
38,39,40,69,81
8,12,81
21,40,48,98
7,19,87,88
43,52,89
16,66,81,85
11,24,26,44,47,48,49,51,60,63,66,68,78
36,39,49,81,98
5,7,60,69
47,49,74,83
17,49,52,72,79,87
6,39,72,80,86
7,21,43,78,87
8,21,47,48,63,66,67
36,53
6,7,11,23,29,40,95
16,48,63
9,11,63
9,10,38,48,63,69,73,87
49,78
21,35,63,89
3,17,35,43,81,89
9,17,63,70
17,60,68,85
8,48,68,83
69,71,85
61,69
39,40,69,71,81
14,19,26,42,43,49,62,63,73,95
5,66,83,86
27,36,43,47,66,99
12,23,26,38,86,87
61,69,91
36,40,49,63,86
0,17,25,29,47,59,63,87
9,69,93
39,52,97
21,35,38,45
12,29,40,67
39,48,75
9,44
8,13,26,28,86
6,8,11,35,36,48,51,63,74,81,83,87,97
3,39,40,51
38,48,63,72
10,11,31,48,80,85
5,7,11,17,27,29,51,59,89
3,6,25,26,29,43,63,81,85
7,8,29,67,68,87
63,72,75
35,47,60,62,78,86,87,89,94
3,12,47,48,55
0,70,87,97
24,26,38,63,66,83
5,39,55,87
0,15,23,38,40,89
7,63,71,73
26,86,95
8,39,41,73,78,80,81
38,51,62,89
6,10,19,28,46,51,62,63,66,69,72,88
4,38,47,49,50,63
8,10,11,13,38,66,78
28,36,55
17,38,61,68,69,76
3,5,43,81,83,87
23,24,26,43,46,70,76,87,99
4,17,28,36,38,43,63
31,85,94
20,50,63,67
51,61,63,87
9,22,61,76,98
8,21,36,69,80,87,89
2,8,9,23,57,80,81
8,9,11,14,17,36,38,48,49,60,66,72,83,87
13,29,61,62
36,43,88,91
62,67,69,87
36,40
8,11,28,35,38,39,49,62,72
8,21,40,48,98
14,35,49,50
3,10,40,41,47,60
13,29,51,57,83,85,89,95
9,14,38,66,72,83
12,14,17,19,42,63,88
38,48,63,66,78
83,87
4,7,44,63,66,86,87,88,95
48,61,69,86
3,7,8,17,24,35
8,11,38,40,67,69,85
13,33,45,63,67,85,87
1,11,19,25,38,61,73,74,83
17,36,49,63,81,87,91
63,67
11,50,83,90,94
23,25,49,73,85,86
8,47,98
20,26,29,52,76,87,90,94
36,63,93
40,63,72,78,80,81
42,48,81
23,54,67,93
9,63,69,73,87
12,87
9,27,36,43,63,68,74,78,86
29,61,63
7,81,83
11,40,81,95
0,7,12,29,35,73,87
9,11,17,34,69,73
54,66,69,87,93
7,39,40,46,67,85,86,87
46
0,28,69,71,90
43,69,73,78,87
7,42,81
4,10,11,24,63
5,21,39,43,68
7,9,28,39,69,77,80,88
22,26,35,36,48,59,61,72,78,86,87
12,24,38,51,69
3,21,26,34,35,38,41,45,50,55,63,69,72,80,89
14,35,67
17,40,48,51,62,67,72
3,17,40,43,48,49,60,69
85
8,42,48,53,69,73,81
4,18,22
8,28,69,81
28,36,39,80,87,89
8,9,20,29,47,69,83,85,87,91
9
3,14,36,51,52,72,98
25,29,36,51,62,65,71,95
8,20,33,47,60,66,85,98
33,97
5,9,15,53,63,66,79,80,93
3,14,17,26,52,98
10,38,62,89
0,10,26,39,63
26,66,73,87,93
7,43,46,47
0,28,65,71,89
47,63,75,85,94
38,48,62
5,19,61,62,87
0,3,14,23,32,41,48,73,88
25,42,43,71,77
60,67,87,95,96
38
12,61,78
6,13,36,42,52,59,63,69
17,28,40,73,87,99
51
6,13,18,36,38,43,66,72,73,87
32,46,54,72,87
3,34,38,39,43,47,48,63,71,86
15,16,33,50,81
14,28,29,30,66,67,69,86
8,11,17,29,31,34,38,62,69,87
13,17,27,74
18,63,78,90,93
6,7,17,22,26,34,35,36,55,68,69,74,87
11,40,74
35,63,87,93
17,39,43,47,71,87
3,13,29,33,38,68,87
5,23,40,43,59,62,83
9,36,70
17,46,71,85
34,39,48,63,67,80
36,39,67,69,81,83,87,97
8,22,35,44,49,80
8,11,39,69,76,87,88,95
29,36,43
17,20,24,28,33,35,38,85,93
9,18,26,70,80
28,36,42,47,62,69,87
11,15,35,38,41,71,96
3,5,36,40,68,71,95
8,12,26,67,72,87
87,89
10,13,14,45
60,87
11,62
14,38,39,52,57,62,85
4,5,18,36,74,75
8,36,38,50,72,86
10,23,28,38,52,63,69,80,89
9,38,55,63,70,73
7,38,47,53,67,69,78,93
21,38,66,80,86,93
9,28,38,43,67,71,77,81,89
13,14,17,34,72,95,96
34,43,47,55,67,70,71,78,80,85,88
9,39,41,47,49,63,86,87
0,9,11,14,35,52,67,84
9,30,34,38,48,53,74,80,85,92
3,4,5,13,63,93
45,48
3,21,28,46,51,62,80,89
10,57,63,95
3,10,63,69,97
25,47,48
4,60,63,67,85,87
8,20,43,48,63,68,69,85
14,38,39,49,52,57,62,71,85,87
57,66,78,93
28,45,48,51
0,24,43,48,87
8,9,36,39,48,57,61,62,67,84,85,87
11,38,61,85,86
6,27,39,40,47,66
8,38
8,38,47,51,60
25,67,87
14,48,69,81
6,25,47,74,87
11,38,87
18,19,35,61,95
36,38
7,10,11,17,28,40,45,49,52,53,83,89
8,23,26,38,43,69,81
11,38,66,67
11,14,35,38,39,69,83
9,36
9,33,78,96,99
7,17,34,55,72,80,87
17,38,39,47,61,66,69,85,87
3,9,48,51,72,88
21,24,53,63,69,95,97
21,49,63
26,45,48,68,77,81,89
45,66,87
3,7,8,17,18,38,48,63,68,80
12,17,24,38,43,69,78
21,34,38,47,99
11,23,48,69,78
6,11,29,38,39,48,57,60,63,70,85,95
16,66,81,85
52,63,68,69,85
0,11,17,18,40,52,60,66,70,83,87
17,18,38,83,89
26,39,48,63,93
8,9,67,69,81
38,44,69,80
8,9,40,66
0,3,10,11,38,50,62,63
1,18,36,44,47,69
18,19,35,61,95
14,38,43,47,67,89
11,35,50,73
3,7,36,40,48,49,52,53,62,63
3,9,47,76,93
38,48,69
38,43,48,67
34,38,39,81,85
26,46
23,35,43,48,51,63,81,87,95
38,47,49,63,78,83,87
43,49,61,83,87
36,38,39,63,87,89
3,21,36,38,63,64,67,69,71
9,11,12,17,40,53,67,93
10,28,36,69
8,26,38,59,60,68,69,72
9,15,70,80
95,97
49,86,87,97
8,9,29,35,50,52,53,87,95
8,23,29,48,83,86
11,21,38,69,80,85,86,96
4,9,17,21,86
31,35,45,49,69,70
13,36,41,48,61,63,66,69,81,94
0,8,71,72,76
14,17,23,39,49
0,6,38,42,49,85,87,90
23,24,36,43,48,69,71,83,87,99
0,10,21,35,42,52,68,74,80,99
69,83,87
22,23,28,38,39,43,48,81,86
9,40,51,52,75,80
38,39,45,69,72,78,80,94
3,33,43,72,80,96
25,48,49,51,62,63,81,85
7,8,9,17,26,63,75,98
6,29,32,35,62,63,78
8,49
5,61,63,68,84,97
35,63,87
38,39,40,71,78,83,87
13,41,69,75
10,29,38,48,63,78,87
36,51,63,71,80
0,47,48
14,25,38,49,52,55
52,67,86,90
11,38,42,63,69,87
5,19,43,46,72
38,69,85
8,14,19,39,48,68,75,86,93
28,57,68,87,93,94
19,67,93,95
41,59
6,8,38,40,42,78
29,38,46,62
40,73
73,76,83
3,48,61,69,80
5,7,23,25,34,63,87
17,36,51,69,72,76,84,93
36,80
7,36,67,71,73,86
17,26,38,39,43,63,72,86
28,38
17,25,28,48,86
3,26,38,69,70,85
7,10,36,38,45,48,51,66,69,71
9,11,17,43,45,48,68,81,85
13,36,38,71,93
38,40,48,63,72
52,69,93,97
26,36,51,62,63
3,8,61,70,86,87,97
2,17,38,62,83,90
26,29,83,85,90,93
3,36
29,36,54,73,74,86
17,63,71,75,88,93,94
26,43,52,72,81,85,87
3,13,36,38,47,53,62,69,70
19,35,48,51,62,63,68
11,17,69,73
3,11,17,18,63
0,4,14,20,26,63
5,11
8,15,21,33,40,48,81,98
0,39,62,86
9,38,43,48,63,73,87,89
11,16,36,38,51,62,73,81,86
28,48,59,61,63,69
0,4,14,20,26,63
5,12,47,51
47,71
28,36,40,48,51,87
0,3,40,52,63
7,12,13,51,87
20,25,26,36,63,72,85,91,97
3,63
17,28,89,90
21,28,36,62,94
60,61,63,67
25,62,71,86
17,28,33,38,47,51,53,66,85,87
7,13,21,35,38,61,63,79,85,87
8,47,83
38,47,49,63,78,87
39,40,73
4,9,18,20,39,57,62,71,85,87
8,48,63,83,85
21,23,29,35,38,41,53
3,85
11,14,36,47,48,78,80,83
3,5,43,81,83,87
29,35,61,80,85
47,49,73,86
9,29,43,80
11,18,29,63,81
14,17,52,74
14,18,29,71,72
28,43,60
8,49,87
9,26,63,69,71
9,29,38,52,83,86,87
9,12,14,17,28,43,47,74,83,85
7,17,62,81,91
34,35,41,69,75,87
11,28,47,48,69,85
14,17,31,62,87,96
0,49,69,81,83
14,17,23,47,51,52,59,85,87
11,14,17,27,28,36,38,63,81,87,91,93
10,89
8,28,29,63,69,83,93
48,71
17,35,36,63,86,87,90
18,23,26,34,38,47,73
11,78,89
23,43,67,75,79,85
3,69,71
7,48,51,88,89,93
45,60,67,87
18,29,40,63,69
33,47,66,80,87
48,69
3,19,36,48,74
43,71,80,88
39,63,68,73
8,9,42,48,83,97
3,11,38,40,63
4,47
23,29,62,67,69
3,23,34,51,63,73
3,17,40,43,48,60,72,94
1,7,31,53,75
0,8,28,42,60,73,81,83
24,46,57,69,85,95
29,38
10,13,14,16,19,63,70
34,36,43,72,73,74,98
10,14,26,27,29,40,52,61,74
14,26,53,68,74
47,48,49
39,71,93
21,43,47,67,78,80
23,39,73
8,11,38,48,50,57,86,89
14,17,29,40,63
18,19,42,66,78,80
3,21,51,59,60,63,67
11,33,34,38,87
7,8,29,45,48,51,73,84,93
6,19,25,33,62,75
23,26,29,39,48,49,63,67,69,83
13,35,36,48,61,62,65,71,78,86,95
3,9,80
36,63,75
8,47,51,69,80,87
8,28,36,78
10,38,69,73,83,93
43
34,36,38
12,15,38,60,93
11,12,21,62,63,71,83,87
8,14,28,39,43,87,89
6,9,17,24,28,29,41,43,68,69,73
0,4,29,36,40,60,86,87
38,50,69,78,81,86
11,22,90
29,35,39,40,47,61,89,92,95,96
13,35,36,38,63,69,81
8,38,63,69,85,87,97
8,9,28,63,87
3,71,89,90
7,61,99
36,54,68,81,87,97
8,9,10,11,26,28,36,38,42,61,78,81
3,40,41,44,60,72,78,81,87,91,93,95
4,11,22,26,40,41,46,71,87
9,38,39,48,80,85
13,38,40,71,92,93
89,97
48,69,71,78,83
17,38,43,47,63,73,87,93
5,83,87
17,62,87,94
33,36,43,61,69,87,89
0,11,15,17,36,40,72,85,86
0,3,34,36,43,87,91
3,24,50,89
9,26,38,60,63,85
8,18,28,61,63,85
9,35,38,43,53,69,74,78,97
55,63,76
3,25,41,43,81,85,87
47
28,49,87
19,28,31,38,40,49,59,61,85,93
0,11,28,36,68,70,83,93
6,7,11,23,84,89,95
10,11,14,15,23,28,29,46,47,86,87,95
3,51
3,7,40,71
11,47,57,62,69,80,89
8,11,20,22,69,71,72,86
11,19,33
11,25,38,39,46,81,85,90,92
8,9,22,48,61,76,87,98
18,38,45,51,80,87
17,38,48,61,69
3,10,23,56,86
23,28,36,46,48,78,87
19,47,49,74,80,83
14,26,35,40,52,74,78,80
7,47,61,81,83
17,23,33,36,48,62,69,78,98
15,19,28,62,63,80
8,52,87,89,90
5,11,25,28,34,43,47,52,69,74
23,36,38,40,60,71
36,63,77,85
23,39,49,72,73
29,36,86
60,63,68,74,94
11,33,38,69,73,81,89
33,80
9,10,36,38,43,85
52,53,67,71,87
11,34,49,59,78,86
4
0,42,48,62,66,71
3,7,27,34,73,83,85,86,87,95
0,27,43,61,83,97
17,33,63,95
0,4,14,20,26,49,63,66,88
4,33,34,52,76
35,36,38,39,48
7,66,86,87,95
7,42,47,63,87,89
5,28,36,38,48,50,69,81
17,52,57,87
3,8,10,63,74,76,81,95
48,57,59,67
11,26,38,61,63,80
26,57,63,69,80,87
3,14,46,63,66,67,77,81,85
0,3,67,81,87
10,11,31,52
67,69,83
29,33,73,86,93
25,28,63,68,69,85
16,66,81,85
13,72,95,96
3,8,12,39,40,46,47,56,69,71,81
3,14,25,29,38,43,48,63,69,85,89
18,21,43,98
8,14,18,22,26,28,51,63,66,69,85
21,33,43,69,81,83
29,42,87
9,28,36,42,61
5,33,47,80
19,79
8,12,17,21,63,66
23,27,48,69,71,78,83
9,21,23,24,36,38,90,98
8,47,69,72
7,11,29,33,36,50,60,81,83
0,6,11,29,35,87
63,87,95
43,48,63,73,87,89
9,63,72,73
7,14,36
4,11,87
48,49,60,85
8,17,25,47
9,11,13,22,41,49,74,87
8,15,28,48,55,81
43,53,60,61,62,68
29,34,52,66,69,71,79,83,87
11,12,14,17,53,70,80,85
3,10,54,63,69,97
8,17,29,36,38,43,63,71
5,33,35,42,54,87
17,38,69
9,38,62,67,69,83,86,87
29,59,61,87
17,38,40,46,63,69,87
8,17,33,81,87
19,29,41,62,67
14,39,95
6,8,11,28,48,63,69,87
11,33,35,39,53,61,63,76
1,9,12,26,43,74,86
8,13,36,43,49,82,90
45,49,62,70,74
21,28,39,77,81,85,97
17,28,36,69,80,83
8,13,48,85
52
11,23,36,40,43,94,97
3,53,69
5,33,35,38,42,54,63,80,87,96,97
47,74,97
14,29,41,43,60,63,67,72,73,78,95
17,23,26,34,42,65,80,85,96
9,19,93
39,95,98
9,38,53,80,86,87,95
14,36,40,42,51,63,69,83
16,33,69
9,38,39,48,80,85
3,11,17,39,49,60,72,79,83,85,86
6,35,38,40,42,43,70,71,83,87,97
33,50,67,69,85,86
17,39,72
53,63,80,83
7,40,46,67,85,87
5,25,41,60,87
36,55,66,78,87
8,17,28,36,48,51,82,87
38,86,87,95
23,74,96
21,34,38,43,59,63,80
9,11,28,36,87,93
18
43,48,63,73,87,89
0,5,8,14,29,34,38,80
28,33,83
11,51,62,81,83
5,63,83
36,38,48,69,70,81
4,36,40,52,55
3,9,21,35,38,69,71,85,96
3,34,81
0,28,40,42,51,93
8,18,81
8,23,38,43,63,81,93
11,39,63,67,86,87,94
35,36,78
23,24,41,55,87
9,24,39,72,81
38,47
8,21,36,38,69,80,87,89
3,75,83,85,93
3,39,48,63,86
54,66,69,87
47,80
3,38,48,69
3,11,38,40,63
19,33,34,49,63,67,87,88,89
3,28,29,34,38,40,70,78,81,87,93
5,18,36,39,83
17,36,87
14,35,39,42,63,72
12,29,40,46,67,70
17,40,86,87
36,50
13,28,63,87,91
34,72,87
18,19,35,38,48,61,69,95
48,71
47,55,86,87
17,18,36,38,60,68,69,78
8,14,35,51,63,80,86,87,95,99
36,39,86,87
28,35,67,78
6,8,11,39,48,57,60,70,85,87,95
9,53,61
48,49
7,27
23,38,69,92
4,6,29,46,52,61,63,83,87,89
14,95
43,47,55,71,78,80,85,88
8,17,52,72,87,89,95
3,10,53,57
9,29,43,80,87
6,8,9,10,14,19,39,48,63,66,69,89,97
21,28,47,48,53,80,87,90
4,25,29,33,36,38,47,69,96
36,38,40
11,29,31,38,47,63,71,74,83
4,14,78,85,93
63,81,85
23,34,68,85
28,42,43,57,93
38,43,50,89
38,50,69,81,86
6,9,17,39,63,69
40,78
9,17,21,23,36,38,67,85,87
38,47,49,85
27,41,42,69,73,74,78,81,91
29,53,60,73,74,86
35,38,39,49,61,63,67,87
17,55,63,67,94
4,17,40,66,85
3,11,43,51
19,35,50,63
12,35,36,41
6,36,80,83,86
3,9,34,48,66,80,87
28,43,47,69,85,87
8,48
0,4,24,29,35,49,51,69,86,88
11,21,25,28,38,40,43,48,53,73,90
7,21,25,29,34,38,42,47,63,69,83,87,93
3,47,55
11,47,63,69,73,75,86
29,60,63,74,78
9,23,36,41,83
3,34,36,39,59,72
7,21,25,38,63
8,9,19,28,38,47,91
3,4,25,43,86,87
5,61,63,68,84,97
61,63,69,72,89
0,3,11,14,16,40,61,63,74,86
57,69
14,25,49,60,63,68,78,89,98
4,52,53,67,71,87
34,69,86
3,11,21,51,63,71,97
40,45,47,73,93
43,74,85
3,17,40,43,48,49,60,69
36,39,57,63,70
28,52,61,67,85
3,12,86
28,36,38,53,89,97
23,35,38,60,67,68,85,93,94,97
11,17,36,62,63,78,83,85
21,36,39,47,48
8,67,69,81,83
14,17,35,67,70
1,18,36,44,47,54,68,69,81,87,97
0,26,67,81,83,90
17,50
38,60,67,71,86,87
8,13,15,35,43,47,50,63,74,83
8,48,87,95
5,31,40
9,29,38,72,87
4,5,35,69,87,89
0,19,29,61,62,86,87
3,35,36,41,61,78
11,38,40,50,63
45,60,63,67,73,87,97,99
5,61,69,72,73
9,46,48,63,66,69,81,87
3,4,18,22,78
17,36,51,69,72,76,78,84,93
4,9,26,38,39,63,69
5,38,78,97
8,39,48,72,93
8,9,66,81
4,9,11,17,21,38,63,67,69,83
4,33,47,57,63,74,83,90
8,9,11,28,38,57,62
27,29,71,93
19,36,48,69,80,89
11,17,36,50,63,81
9,40,48,51,63,72
5,20,33,40,43,46,63,85
3,11,33,48,86,96
47,49,63,87,99
9,14,17,28,29,40,42,63,71,74,81,88
28,33,34,35,45,63,85,96
3,49,60,63,69,78,81,85
7,21,69,72
0,42,48,62,66,71
63
3,6,16,36,47,51,80,81,98
19,35,40,86
0,4,29,49,51,69
3,41,52,62,67,69,93,97
11,43,79,80,89
8,28,60,62,68
14,18,19,29,49,55,63,72,78,87,92
23,33,36,48,69,74
31,63,70,78
8,12,24,28,42,51,53,71,78,80,85
11,34,38,47,61,62,87,98
3,26,36,38,46,51,78
36,43,63,86
13,14,39,41,48,67,83
35,38,44,63,71,87,88
9,38
3,11,14,28,36,57,59,76,81
11,38,57,63,81
4,5,17,36,39,41,73
17,87
14,35,36,67,73,87,97
12,62,68,71
4,8,23,63
4,8,18,26,29,36,42,60,78,93
7,9,36,52,63,67,71,73,79,86,87
14,20,89
16,23,73
23,26,43,87
63,78,86
35,38,40,61,85,86
86
5,9,39,43,63,83
0,9,14,22,28,36,53,93
11,28,30,34,39,47,48,57,71,73
14,36,39,55,74,96
3,7,24,47,72,83,85
3,35,36,39,62
3,8,38,61,67,69,83
21,25,28,38,48,74,86
39,63,69,93
7,33,35,38,40
28,33,39,48,51,53,85,93,95
26,29,38,72,85
35,51,69,72,86,87
19,28,29,40,48
0,6,38,49,87
8,9,17,36,39,48,83
3,5,21,69,73,87
51
38,48,62,87,97
0,6,9,13,40,80
9,29,43,74,80
11,49,51,63,66,69
12,21,35,36,49
23,36,48,51,62,63,72,87
38,40,60,63
17,26,39,86
8,16,67
33,69,70,80,90
8,17,21,38,80,96
45,57,81
9,14,43,52,60,89,92
9,28,36,42,61
21,51,52,63,83,96,98
26,38,63,83
21,25,42,87
31,35,45,49,69,70
51,67,74,80,85
3,4,5,13,17,45,63,69,93,94
8,17,23,25,38,60,63,67,69,87
8,55,61,66,69
0,9,15,17,35,51,60
21,28
34,47,57,63,74,83,86,87,95
5,26,87,89
47,66
12,50,62,78
22,48,69,81,87,89
6,16,17,21,38,42,63,71,74
3,4,11,12,21,61
19,35,61,95
5,36,43,87
11,26,36,38,48,51,65
23,63,81,83,89
0,25,29,33,62
8,12,74
63
11,16,17,38,80,87
0,18,28,38,45,47,51,62,67,72,80,85,87
31
6,8,29,36,48,74,77
8,39,48,62,70,87,89
19,43,87
0,23,38,59,61,73,94
25,35,38,67,74,90,97
3,21,99
43,69,87
0,28,40,42,51,93
6,84
0,5,7,11,29,38,49,80,84
25,38,41,68,81,93,97
9,10,26,38,42,61,63,69
14,61
19,33,49,69,88
14,39,69,81,87
7,16,39,63,72,79,85
28,35,41,46,51,69
61,72,89
9,26,28,29,33,40,47,57,59,69
0,17,35,38,47,69
35,38,39,48,83,97
13,17,47,85
8,11,43,59,85
11,38,42,63,69,87
29,33,42,61,62,67
8,16,19,33,36,57,63,87,89
28,39,70,72,80,81,87,90
17,35,48,63,67,72,75
9,40,51,52,75,80
38,62,65,69,89
26,28,38,67
27,35,39,48
3,9,12,17,29,38,43,69,72,87,96
18,26,33,85,87,88,97
3,7,11,24,38,43,87
19,38,40,91
38,43,51,63,73,80,86,87
18,25,33,36,68,73,80,95
11,47,63,73
35,87,91
52,72,79,85,87,89
12,14,15,25,35,40,48,53,63,70
38,71
9,17,38,40,63,74,76,87
8,11,16,28,61,63,85,97
0,38,75,87
17,35,57
17,23,39,63,85
9,36,38,63,67,72,87,96,97
9,11,13,18,36,38,63,68,74,91
5,9,36,38,63,79
7,17,42,49,63,83
17,26,35,55,68,69,74
61,63,87
5,17,26,33,42,69,80
17,36,49,62,63
43,47,70,80,83,85,87
0,28,29,36,47,66,73,90
3,6,7,11,22,23,34,36,87
33,34,52,62,66,81,94
3,5,28,34,48,63,67
3,8,25,67,68,69
14,35,38,60,61,63,69
3,8,18,31,63,69,78,81,89,93,97
36,69,81,85
7,33,42,48,75,83
29,33,42
26,38,42,63,83
8,12,63,80
11,28,34,40,66,87,97
3,17,18,53,63
26,36,38,74
3,39,43,48,61,69,75,83,86,93
60,68,89,98
63,69,83,85
11,31,48,89
7,11,22,23,27,47,63,67,68
48,51,62,67,72,81,87
0,3,8,14,23,32,41,48,73,88
11,39,47,48,57
4,8,10,23,63,69,89,97
3,49,61,63,68
23,27,36,38
14,17,28,36,52,74,78
8,14,28,38,43,53,96
8,40,48,52,61,68,78,80
0,11,35,39,70,73,74,80,87,93
10,85,97
8,26,38,59,68,69,72
34,36,49,57,66,67,83,85,88,98
3,12,23,26,30,33,38,69,70,73,80,83,85
17,21,33,35,38,39,40,76,86,95
36,63
3,35,38,43,63,73,87
8,28,43,70
38,66,78
9,27,83,87,92
4,11,87
11,17,48,63,89
63,81,85,89
25,29,48,69,89
14,17,21,40,45,85
25,39,63,69
38,63,87
28,39,86,87
11,63,69,97
42,43,49,70,71
8,11,38,40,45,62,66
17,61,66,69
4,9,34,46,78,87
9,17,21,28,33,35,36,40,42,61,67
25,29,43,48,61,63,69,73,89
8,29,63,68,81
7,36,39,45,48,69,71,94
61,69,76,80,83,89
17,36
67,80,81,95
19,24,67,80,85
5,9,10,18,26,28,49,74
8,17,24,35,36,43,69,78
14,17,28,36,39,43,48,53,67,80,86
8,38,48,86
5,55,73
10,12,38,39,48,75,87
15,18,35,46,50,81,85
21,44,48,51,62,77
3,69,85,87
3,11,38,61,68,69
35,41,43,93
41,43,81,85
9,14,99
31,78
10,38,48,63,77
9,48,53,83
9,29,52
8,11,36,38,40
43,69,75
36,72,78,89
25,42,52
43,63,71,78
0,3,11,14,61,66,70
28,38,40,51,74,80
26,36,50,85
17,28,33,45,52,63,72,85,96
5,9,48,60,66,89,93
3,31,33,42,51,87
63,72,73,74
31,35,48,61,62,63,86
8,13,14,40,43,68,73,85,95,97
47,95
17,51,66,90
0,3,11,12,27,29,40,43,67,74,86,87,89
17,33
38,50,83,85,89
0,3,16,17,33,35,67,69,97
3,8,11,12,14,25,28,48,53,55,63,68,73,87
48,61,63,72,81
14,29,40,43,63,72,80
38,39,40,69,71,81
38,63,64,66,67
46,63,66
7,9,10,20,33,39,50,63,76,85,87
0,8,28,66,67,85,87
3,8,24,28,46,81,87
7,17,60
25,38,62,63,74,81,95
0,7,10,43,47,51,69,75,83
0,10,19,25,38,69,73,85
24,44,47,48,51,63,66
38,40,51,53,60,63,80,85,86,99
11,74
7,9,14,61,67,93
26,27,29,38,40,52,54,85
3,9,38,63,70,74
48,63,73
12,38,41,47,73,76
9,11,34,48,69
5,6,9,17,21,35,39,54,80,85,88
17,19,35,36,50,63,85,87
70,85
0,36,38,63,89
23,33,39,62,67
67,70,85,96
3,15,52,63
9,15,28,42,87
42,57,69,81,83
36,85
15,68,86
8,38,39,69,72,81
0,6,9,19,38,47,53,69,87
8,17,19,22,23,29,34,55,61,62,93,98
4,17,19,52,61,78,80,86
23,33,39,52,75,80,97,98
9,11,24,28,36,38,42,67,72,86,87
7,17,48
4,35,36,38,50,53,61,87
38,39,41,52,61,63,76,78,97
5,35
19,26,28,38,67
23,28,36,38,46,69,80,81
6,13,23,35,36,38,63
38,47,62,69,70,78,80
3,22,36,38,78,79
13,17,25,61,69,71,78,79
3,66,78
29,38,69
7,26,36,38,39,51,63,80,95
21,66,80,99
36,54,68,81,83,87,97
25,39,62,63,85,87,95
9,18,23,63
8,11,39,53,69,76,78,87,88,95
10,40,69,75
29,36,61,63,87
23,31,34,38,47,63,67,85,96
3,17,19,26,36,69,70,87,93
4,11,48,61,62,63
11,18,38,81,86
12,39
33,38,52,66,81
40
0,18,40,48,52,69,70,86
17,55,63,66,74
4,7,23,36,45,46,61
4,22,28,47,59,67,86
34,48,61,67,80,98
29,57,59
7,14,29,55,63,71,73,92
40,47,71
0,14,17,35,39,42,47,57,60,61,63
10,25,48,85,99
5,12,38,47,69,73,76
8,12,14,32,34,36,38,66,69,71,74,80,85
12,36,63,72,73
8,34,50,71,87
10,17,38,48,69,85,99
3,17,38,78,85,87
9,19,47,71,93
3,8,20,35,48,61,80
11,14,28,35,63,80,87
19,36,78,80
60,71,72,86,87
33,69,80,95
7,43,85,86
11,38,57,60,61,63,83,85
36,48,61,81,93,94
14,17,38,50,61,72
10,38,43,61,80,86
63,69,72,87
7,8,48,49,51,83,87
12,80
5,28,69,73,87
8,49
7,12,24,25,28,53
4,17,23,36,47,67,73,87
14,36,40,42,51,63,69,83
3,11,23,40,43,44,47,48,61,69,86,87
25,51
8,14,19,20,33,46,51,63,79,89,93,95
17,23,34,38,85,97
3,5,35,68,78,87
31,33,69,85
3,35,69,71,80,88
11,17,27,33,35,51,59,89
21,42,63,93
3,5,36,40,43,48,62,63,68,71,89,95
29,72,73,87
9,28,35,62,81
0,3,8,11,87,92
5,40,43,69,85,87
3,8,11,14,21,25,74,95
15,43,48,51,53,63,79,80
23,49,73,81,85
0,12,18,89
35,36,38,63,81
11,39,73,93
35,43,47,87
11,25,26,40,71,76,83,94
8,11,21,63
8,9,18,81,91,98
26,86,95
7,28,36,72
0,9,11,16,17,18,21,36,38,43,62,73,97
12,63,78,82
5,29,35,38,39,59,63,69
35,53,67,81
26,38,63,83
25,62,71,86
10,17,23,36,38,39,41,56,86,87
8,43,49,60,61,62,68,69,81
15,35,46,50,85
0,12,17,35,41,60,93
31,63,70,78
14,21,23,36,40,69,78
8,29,47,59,62,71,83
6,29,43,61,62,81,92
5,21,25,36,38,40,83
21,28,36,69,78,94
8,14,48,69,86
7,28,32,38,61
0,28,43,60,63,72,89
0,9,18,23,52,63,94
33,38,61,69,95
11,33,38,47,62,71,72,87
9,36,61,62,67,84,87,89
5,17,28,30,38,42,66,69,86
38,73,79,88
4,6,29,46,63,83
0,6,11,28,38,57,60,63,67,76,78,85
9,20,28,42,48,50,59,62,71
38,39,43,50,57,63,85,93
52
21,27,36,48,69,85
3,11,38,39,40,63,96
12,36,41,67
9,11,34,63,71
4,7,36,39,40,46,47,66,72,81,85,86,87,95
9,22,36,40,80,81,87
36
35,43,47,71,94
21,40,63,69,80,81
28,62
3,63,67
38,66,78
1,70,72,97
9,14,36,39,87,89
19,42,43,48,62,72,81,83,87,88
11,30,34,39,71,73,87
33,43,80
5,8,9,31,47,52,66,74,81
9,34,61,88
11,17,38,68,69,86
9,34,36,38,49
38,62,63,71,78
15,17,23,35,36
4,5,69,78,86,99
11,13,28,61
3,46,87
3,9,43,48,53,67,78,80
11,62,91,93
39,54,85,88
10,11,13,14,17,38,43,47,61,80,86
10,11,38,51,67,69,73,74,76,81,87
23,60,63
3,22,28,29,43,69,81,95
14,35,39,42,63,72
8,22,26,28,29,40,41,70,80
7,14,21,48,69
20,38
11,14,26,40,47,63,70,93
17,29,72,88
3,11,28,38,46,48,62,63,69,97
14,63
2,9,11,13,17,23,26,36,40,67,87,93
17,43,48,50
8,11,19,21,28,51,61,66,90
8,89
11,36,57,69,72,86
7,28,36,61,63,85
38,67,78,98
11,40,62,69,80
11,14,46,47,53,81,93
5,11,12,21,28,38,40,52,62,69,70,73,74,97
5,14,23,35,86,93
33,35,63,73
17,61,62,81
16,43,47,48,72,73,98
36,47,61,63,69,74,86,90
7,29,35,36,51
0,11,36,87,93
48,87
17,28,36,48,49,62,63
6,51
8,12,14,50,66,74
36,52,94
15,18,35,46,50
62,87,93
9,67,68
51,69,73,81,87,90
13,21,41,52,80,96
11,39,71,80
0,35,39,61,62
8,14,19,29,38,47,61,62,63,69
3,36,48,83
8,17,36,81,86,87
26,32,38,67,68,77,93
48,62,81
4,27,38,73,85
4,6,10,17,35,74
11,40,42,47,59,63,80
11,23,36,39,47,85,92
8,29,36,39,48,86,96,97
40,86
3,36,38,39,45,52,55,69,87
38,51,69,73,76
40,52,70,83
17,38,57,62,70,91
11,17,36,38,47,60,62,69,83,86,87,95
11,39,81,85,92
10,12,39,60,73
13,40,43,69,70
9,25,38,39,41,47,49,63,66,86,87
7,23,47,52,63
38,39
6,11,29,38,41,63,70,83,85,87,90
14,40,63,70,85
14,17,19,35,38,39,46,51,87,98
40,62,63,73,90,93
39,72,86
23,38,40,42,48,62,72,81,83,87,88
14,28,50,55
23,44,57,85
0,17,27,51,59,63,87,89
5,42,74,93
11,14,51,52,67,69,73
7,22,25,36,89
9,62,63,66
16,18,19,61,81
3,11,12,19,39,51,71,80,86,87
28
8,12,57,83,87
8,10,29,36,63,69,72,85,89,97
4,14,18,23,28
3,12,47,48,55
14,21,25,40,43,76,79,87
11,23
25,28,29,38,43,48,60,63,97
3,11,26,36,38,48,51,65,89
6,18,40,47,68,78,83,85
6,23,28,36,40,61,62,63,83
8,9,38,43,45,48,63,68
38,69,78,85
0,26,28,48,69
8,23,28,36,42,45,48,63,97
0,11,14,36,40,68,72,78
14,36,39,74,96
3,51,72,98
36,42,47,83,85,86,87
14,51,52
11,17,36,62,63,78,83,85
18,38,51,60,69,95
29,39,48,87
11,17,36,47,62,77,78,80,83,85
38
9,12,35,62,68,71
7,19,48,72,81,94,95
36,52,62,69,71
3,36,48,83
61,69,76,80,83,89
5,83
14,27,35,36,38,69,70,89,95
38,69,73,76
14,21,35,38,42,44,47,63,71,87,88,93
16,17,38,42,48,62,69,78,96
36,63,72
40,48,72,81,85,88
31,36,39,42,73,81,89
33,38,66,81
8,24,26,29,38,63,73,78,85,86,87
19,23,38,66,69,72,78,88
7,8,11,38,85
8,66,87
11,63
11,38,42,63,67,69,80,86,87
6,7,17,29,32,52,55,63,83
28,38,48,79
0,38,75,87
40,47,89,96
11,36,80
6,19,41,43,69
14,29,36,47,93
36,39,63,67,71,78
9,27,38,43,73,83,87,92
11,80,81,87
25,38,50,61
3,5,21,23,31,38,47,63,69,73,85,87,96
0,17,20,23,35,72
3,17,69,78
40,60,61,81
22,51,93
8,12,40,41,50,63
14,28,31,47,62,73,93
14,17,25,36,48,53,61,70
5,18,69,89
21,66,80,86,93
14,23,48,61,81,83
76,85,90
3,11,24,61,80,95
51,53,76
15,40,47,55,57,63,68,69,73,78,91
5
76,79
6,9,18,35,47,63,86
3,80,87,95
15,62,63,72
9,14,17,28,38,60,63,66,69,80,86,87,94
38,63,71,95
3,9,28,48
36,52,85
3,36,52,53,55,62
11,24,35,47,63,69,73,86,88
8,9,34,73,98
38,74,89
8,36,87
3,5,26,38,69,70,85
3,7,8,9,17,24,29,31,35,61,69,70,74,86
18,53,66
23,40,42,78,85
8,11,12,15,38,48,63,93
3,21
28,36,38,48,63,69,71,87
8,11,35,50,63,68,69,74,85,86
11,12,21,40,69,74,97
23,36,39,80,85
10,26,66,78
14,29,36,38,45,47,71,84
36,51,63,71,80
0,3,38,50,62,69,87
5,33,47,69,80
17,38,60,87
17,42,54
8,14,35,36,61,62,99
29,35,38,40,43,87,93
17,19,23,35,39,40,43,61,80,87
4,9,18,21,36,87
12,33,35,77
0,17,23,46,49,69,72,87
23,38
0,11,16,18,28,38,43,73,97
8,28,36,38,47,63,71,85
17,63,77,85
12,26,28,43
9,33,36,48,52,67,69,71,80,95
18,24,28,38,39,69,71
8,14,53,67
15,69,71
35,43,80
33,47,54,60,66,67,70,78
0,7,10,92
5,28,34,38,44,48,83
6,41,85,87,90
12,83,87
9,28,39,63,72
19,27,36,61,89
7,14,36,38,42,47,53,62,63,71,83
21,35,38,45
5,12,26,47,69
11,25,35,73
11,17,26,28,29,35,47,51,74,77,80,89,90
13,41,63,69
15,18,35,46,50,81,85
62,83,87
8,17,47,63,66,86,87
42,48,71,81
23,33,35,81
14,17,23,26,36,42,48,71,81,97
9,38,50,69,83,85,87,89
7,66,86,87,95
41,42,74,81,91
17,32,36,94
3,8,47,55,60,62,78,80,83
8,68,69,74,76
17,31,34,36,55,69,81
0,8,40,53,63,88
9,11,13,31,36,83
4,10,11,24,62,63,67,87
8,17,29,80,83
5,31,40,43,87
28,36,38,40,43,47
4,17,33,40,43,67,86,89
40,48,78,83,87
13,19,74,78,83
11,38,47,48,55,63,67,87
3,17,22,38,46,80,86,87
4,13,24,41,57,63,68,69,97,99
43,60,61,62,68
10,29,38,53,69,71,87,95
7,9,20,23,52,90
5,47,80
8,18,29,38,47,69,83
23,29,33,34,67,84
13,29,42,47,53,98
28,38,47,67
3,29,63,83,85
28,43,47,48,91
10,35,36,87,91
8,35,36,45,51,62,67,81
36,39,68,73,85
8,50,53,63,68,81
6,9,29,43,80
9,43,45,48,68
0,5,14,25,51,63,69,81,87
13,17,25,47,50,67,74,78,79,83
11,17,49,62
6,11,36,72,87,93
36,83,87
9,12,40,72,86,87,98
22,33,60,90
9,28,39,63,72
14,69,74
38,49,84,87
11,14,51,67,69,73,80,87
7,69,86
27,63,83
3,13,34,38,46,60,72,80,88,89
28,38,51,87
3,28,48,63,67
14,43,63,95
5,36,47,48,49,67,71,96
3,36,60,63,69,73
9,26,63,66,69,71,74,85,95,96
40,43,51,87
8,9,83
6,13,19,25,33,50,52,62,63,75
17,23,73,86
69,72
3,11
28,47,67
29,38,48,75,89
0,10,16,25,38,39,63,70,73,85,86
3,36,51,67,87
0,5,24,28,31,38,48,49,85
0,89
9,19,66,67,72,97
8,26,38,59,68,69,72
38,40,51,53,55,59,63,71,74,78,87
10,14,43,63,76
3,46,61,62,72,81,83,85,95
12,21,43,63,69,73,78,81
3,18,28,48,60,63,73,87
28,62
3,12,62
11,21,25,31,38,60,61,69,90,93
4,10,26,34,38,63,85,87,95
43,47,55,71,78,80,85,88
0,23,26,29,39,86,98
3,8,10,35,39,60,63,85,87
35,51,87
8,11,28,38,71
34,36,46,69,80,81
9,25,26,43,47,69,87
11,26,40,71
5,69,85,89
61,80,87
14,33,36,69,78,80
5,9,26,38,40,63,64,69,80,81
21,38,71
11,17,48,81,85
9,12,28,38,40,83,85,86,87,93
86
4,36,38,61
69,74
9,29,69,70,87
23,36,40,88
28,38,49,50,87
3,35,49,63,83
35,41,47
22,46,47,51,81,93
11,48,66,74,76,86,87
11,36,55,61,85
9,38,39,49,60
0,18,23,61
21,46,63
14,20,28,38,39,48,51,63,81,90
14,39,43,48,72,81,89
28,36,38
48,68,88
11,17,18,42,66,89
29,39,68,86
10,11,31,52
3,5,7,29,34,86
34,89
39,51,55,62,67,72,86,90
7,17,48,67,72,87,94
25,28,42,48,71
39,89
39,48,57,78
11,38,47,67,72,89
6,34,40,48,69,89,94
3,11,14,66
11,28,38,83,95
4,39,48,57,81
9,40,51,52,75,80
28,55,68,83,89
21,24
9,39,51,67,73
38,40,61,78,85
8,9,38,45
60,61,93,95
9,14,38,46,48,49,63,66,72,83
39,69,80
9,30,35,52,63,81,93
17,29,74
51,55,74,85
17,29,39,45,48,62,72,81,83,99
9,23,51,63,69,71
0,16,40,61,63,86
33,40,46,69,85,95
3,35,61,87
13,29,35,93
85,95
10,18,40,52,87,90
10,21,35,42,68,74,80,99
9,21,24,38,90,98
0,36,38,52,62,68,87,99
36,39,69,73,93
62,63,81
9,28,62,63,66,87
6,14,78,80,93
3,28,70,87
0,7,28,51,52,55,61,80,86
38,51,71,72,78,97
9,17,21,30,38,39,63
8,17,52,72,87,89,95
10,36,43,60,91,95,97
5,31,59,60,69,71,72,86,87
5,6,8,22,33,38,39,55,57,60,77,87
39,62,63
11,17,25,35,76,78,87
10,28,85
11,39,63,66,85,89
7,36,38,40,46,73,83,93
8,9,12,14,17,22,28,29,48,53,67,72,86,87
9,19,63,69,90,92
0,35,38,43,53,74,97
9,29,31,33,38,45,63,66,70,81,83,97
3,28,29,38,69,70,86,93
11
3,63,66,78,80
71,74,76,78,87
5,38,40,46,63
10,63,87
3,6,23,29,38,66,69,73,85,87
9,40,51,52,75,80
33,59,67
61,69,76,80,83,89
14,17,28,36,47
3,7,17,48,63,67,68,72,87,94
7,9,28,32,38,60,61,92
14,28,71,74,76,78,80,86,87
47,85,87
8,21,29,39,43,48,67,71,87
3,61,63,74,85
0,48,61,80,93
5,29,47,52,63,69,73,74,85,87,89,98
8,29,48,53,73,93
7,11,13,28,36,61,80
32,34,38,40,71,86,95,97
8,40,52,70,82,83
17,47,74
8,18,49
27,33,60,62,63,71,85,99
38,67,71
39,57,62,85,87
87
17,38,90
18,19,48,49,83
12,14,38,47,63,73,78,86
11,36,52,80
17,28,43,46,47,63,69,81,93
20,33,35,38,85
53,63,72,73,80,83,99
4,9,17,21,28,38,48,62
8,14,17,36,38,53,63,69,74,95
26,28,33,63,87
8,29,42,47,83,87,91
3,29,47,55,63
7,14,83,85
0,47,48
41,52,61,76
3,8,11,50,69,76,81,94
21,81,83,87
17,38,47,63,89,90
11,29,47,48,63,81
15,21,29,63,67,89
22,51,69,71,79,87,89
8,11,17,25,36,39,81
36,60,62,63,87
8,11,13,35,46
38,42,47
7,17,19,42,49,51,63
18,38,43,46,57,63
8,27,43,71,75
3,13,51,78,93
3,9,12,21,46,48
5,14,29,38,80
35,69
3,10,63,69,97
21,35,38,45,80,86
19,29,36,42,46,47,73,87,91
21,80
4,6,36,51,66
28,69
3,9,29,31,61,69,86
21,48,49,63,87
28,38,48,93
8,31,63,84,87
9,19,29,63,68,69,90,92,93
16,43,47,48,72,73,98
57
36,38,39,41,57,68,72,73,85
3,31,33,42,51,81,83,87
9,38,83,86,87
35,52,73,78,93
3,22,33,36,60,63
3,69
36,72,78,89
7,19,43,47,69,85,86
14,43,71
9,63,67,72,97
3,12,17,38,47,69,72,95,96
12,25,39,48,69,84
17,38,52,62,87
15,36,40,72,87
8,38,59,63,83,87
3,17,36,69,87,93
14,28,57,78
17,38,47
3,11,17,33,72,80,94
8,34,67,69,77
39,41,42,81,85,90,93
3,29,36,63,66,78
39,95,98
11,39,43,81,97
8,11,26,33,43,54,60,62,81,85
61,68
26,39,48,63,93
9,43,78,83,87
35,36,43,81,83
7,12,36,61,72
10,26,42
36,48,62,70
6,8,14,48,55,67,87
11,47,76
29,33,50,67,69,77,85
8,14,48,69
36
3,5,48,74,78
11,63,80,87
8,81
38,39,86,95
48,67,93,97
7,12,38,61
3,29,36,63,85,87
17,23,26,34,38,42,65,80
3,31,33,42,51,87
3,26,39,50,56,68,83,85
8,38,48,86
11,80
66,69,71
10,26,29,32,35,38,42,52,73,85
8,12,17,21,66
8,17,36
8,17,28,48,69,86,89
21,23,29,38,61,68,69,81
0,35,60,73,95
4,22,41,46,87,99
5,25,38,50,89,98
48,85
5,9,47,68,77,85,87
9,11,21,28,94
3,5,8,57,73
9,38,42,51
4,25,43,89,95,97
3,9,25,28,29,36,42,49,61,83,87
4,23,29,43
17,23,28,61
9,28,38,40,63,69,81,83,93,97
38,39,63,67,87
14,63,66,73,74,80,87
0,23,48,66,69,70
11,49,94
6,35,36,38,60,77
9,38,52,66,76,86
14,17,40
14,28,40,42,48,57,60
7,17,21,61,63,89
63,87
21,49,63
10,11,35,69,80,81,87,97
10,12,32,70,87
12,14,36,38,40,47,52,67,69,87
3,9,12,21,46,48
28,60,86,87,97
14,29
36,62,63,69,72,83,89
35,41,62,80,81,87
8,12,43,50,63,72,97
36,45,73,83
18,25,36,68,73,80,95
14,48,80,87,98
4,28,38,47,62,72
0,3,8,43,78,80,95
3,62,69
3,43,63,69,83
8,21,26,27,36,63,71,74,80,95
24,35,63,73,81,83
35,60,80,87,91
8,36,63,70
4,27,38,73,85
3,11,39,52,63,68,73,74,93
21,28,36,62,94
6,49,66,69,81
9,28,38,63,73,74
9,25,38,39,78,80,89
48,57,59,67
71,73
8,11,17,38,48,51,62,69,74,83,89
15,40,72,87
21,24,72
10,13,14,45
4,28,41
26,39,48,63,93
40,61,73,80
38,48,63,69,71
28,34,43,55,68,83,87,89
11,14,21,24,35,38,45,52,54
63,80
7,17,36,47,48,73,78,85,87,90
5,6,8,73,93
40,68,87
17,34,46,49,93
3,11,17,76,78
7,48,75,83
36,39,41,43
12,22,29,66,91
11,14,28,29,51,85,87
8,14,28,47,67,87
3,20,80,86
7,8,40,48,68,69,88
49,57,63,87
11,18,22,39,47,72,89
3,8,9,11,38,40,55,62,63,80,86,87,97
35,36,63,72,78,92
11,17,35,49,78,80,94
3,9,17,23,36,38,45,63,66,74,81,93
3,35,36,60,87
3,36,43,73,93
11,17,26,40,48,69,89
8,48,71,77,97
36,38,69,95
29,62
10,26,38,48,62,87,97
9,47,49,63,74,83,87
9,43,45,48,68
28,30,66,69,86
48,57,59,67
9,26,34,43,46,85,86,93
9,36,43,74,79
7,17,33,40,47,80
33,36,47,69,81,90,93
54,60,69,94
4,40,47,89
3,12,63
3,26,35,38,43,63,68,73,87,89,93
43,63,68,81,87
52,57,69,94
3,8,10,28,38,62,73,81
22,23,38,47,49,63,80,84,87
5
34,69,86
3,5,6,21,47,48,73,83,87,93
33,47,51,63,73
11,17,28,38
28,34,47,51
14,38,67,69,87
8,14,34,71,74,80,87
3,12,17,21,60,92
28,36,42,51,66,67
11,14,78,80,83
7,14,15,36,38,39,51,63,69,81,83,85,87
81
11,12,17,21,23,36,44,48,61,69,81,83,87
3,5,14,17,21,25,36,38,42,67,69,81
0,10,22,69,73,80
11,19,33,34,38,69,70,81,87
8,10,20,82,89
5,21,23,31,38,47,63,85,96
63,83,89,94
8,11,39,53,69,76,78,87,88,95
38,85
11,14,15,21,23,29,35,46,48,63,66
43,63,78,83,87
28,35,38,50,63,87,97
0,11,47,52,62,67,72,85,94
11,12,14,17,53,70,80,85
11,30,34,71,73
8,32,33,51,67,69
7,26,81
9,31,60,63,70,78,92
4,8,11,21,31,34,39,43,59,73,80,87,92
9,11,26,31,47,69,87
11,29,47,48,63,81
23,29,36,48,72,85
5,39,55,87
8,13,38,42,63,66
8,39,41,73,78,80,81
3,15,21,80,93
4,23,98
38,42,52,69,81,87,97
43,54,63,67,85,93,95
29,40,80
10,38,43,61,80,86
8,16,53,61,71,75,85,87
13,33,87
3,38,49,55,62,93
9,23,29,35,53,60,72
8,26,33,42,51,72,76,85
24,28,34,73
3,8,38,60,63,78,87
17,25,71,78,86,87
4,12,36,48,55,77,81,87
11,14,35,38,39
17,18,28,80,89
61,63,68,84
70,72,93
0,38,59,61,73,85,94
31,62,69,80,87
18,40,47,67,71
17,29,34,49,85,89
11,36,48,49,63,73,81,85
7,61,69,83,99
12,55,67
62,72,93
10,38,43,61,80,86
3,17,43,52,89
10,17,38,48,55,63,72,77
3,8,28,36,38,52,66
4,28,29,36,53,63,71,78,98
3,15,21,80,93
8,33,46,63,95
11,12,17,26,40,47,50,70
38,63
5,61,63,68,84,97
38,55,61,62,66,81
9,26,63,69,71
17,45,57,77,81
33,59,67
4,5,36,73,81,83,87
10,26,29,43,49,63,85
13,14,35,48,80,86,98
3,17,35
4,11,25,39,43,81,85,89,92,95,97
39,71,74,78,83,87
0,3,11,23,28,34,38,57,70,89
34,53,67,70
3,7,8,29,40,47,63,72,73
7,8,26,67,68,72,87,95
11,35,73
10,67,74
9,63,67,72,97
3,8,38,47,49,56,67,69,83,89
23,24,43,63,86,87,99
7,13,35,48,51,66,86,87
3,13,26,41,86,95
11,47,63,73,80
17,38,47,96
5,21,39,43,68
0,28,61,65,71,72,79,89
3,8,49,61,67
9,23,24,51,73,89
13,60
0,27,48,57,80,94
21,36,39,42,48,51,66,81,85,89,93
80,94
17,18,20
8,35,61,62
3,12,14,24,46,69,70,81,87
0,8,35,50,53,66,80,87
7,17,33,38,50,55,63,74,87
21,33,43,48,61,63,90
69,73,78,92,93
7,62,63,74,86
38,61,69
9,63,69,73,87
34,63,69,73,79
51,55,61,66,81,87,95
14,69,78,94
8,34,38,39,54,86,89
0,6,8,25,28,34,40,50
11,47,74,76,85
6,14,28,31,74,91,93
5,9,38,47,61,73,85
46,63,66
5,14,19,38,39,55,81,87,89
23,48,53,62,87
23,29,36,38,52,60,62,73,78
33,36,43,52,63,70,75,85
9,38,42,51
3,7,8,11,23,24,34,48,61,68
23,28,40,45,47,66,72,81,95
12,26,44,53,93,95
6,41,85,87,90
4,29,36,40,48,51,60,63,68,87
14,16,18,61,79
36,39,68,73,85
84,93
19,48,83
19,38,48,96
41,59,62,69,83,85,87,90
19,24,35,38,51,69,85
18,25,38,48,62,87,97
0,13,42,49,83,89,90
34,47,61,62,87
40,41,43,98
4,13,25,44,47,48,63,87
8,38,48,73,80
3,22,62,63,68,69,92
6,38,63,71
3,11,28,51,71,73,86,87,89,98
29,36,39,68,72,73,85
61,73,74
11,17,48,69,93
3,69,85,87
5,8,19,25,38,48,57,87,95
23,34,40,43,51,87
14,47,87,95,97
3,28,48,63,67
11,38,47,48,55,63
17
4,27,73,85
35,38,78,80
3,8,21,40,48,98
29,38,50,55,62
3,9,18,19,35,61,95
8,38,59,63,83,87
5,17,26,47,62,83
1,7,11,28,43,82,86
29,47,63,98
17,26,39,42,48,69,86,87,92
8,16,48,51,75,85,87
38,39,63,80,93
3,5,21,69,73,87
23,36
9,10,18,25,41,57,87
36,48,50,69,81
14,25,28,49,61,67,69,81,86
11,21,34,36,38,59,74,87
8,26,29,61,63,78,81,92,93
52,69,87
4,14,28,47,71,93
7,28,52,80
4,57,61
61,72
5,47,52,53,55,62,63,78,85,86,87
0,11,44,48,51
32,42,43,49,70,82
0,18,23,61
3,10,23,56,63,73,86
5,16,48,63
0,11,14,48,98
21,40,48,95
8,17,36,38,43,63
8,35,50,53,87
33,36,38,99
3,38,47,63
3,36,38,63,72,83
14,28,36,57,69,87
3,11,18,28,36,42,59,66,76,81
17,42,63,66,67,68,87,92
1,12,49,57,71,80,97
6,17,29,50,66,68,73,77
28,36,49,80,81
5,10,29,38,51,73,87
17,28,35,71
17,39,48,57,69
17,21,33,39,48,49
25,36,40,87
4,36,53,67,81,99
11,27,49,63,69,85
3,29,48,56,78,79,89
28,50,61
3,8,22,23
18,19,43,71,80,86
33,36,41,47,48,57,63,69,71,74,81,83
5,13,19,38,43,46,72
7,11,43,61,69,71,78,81,88,91,97
10,34,39,43,59,63,80,83,87
4,6,17,28,41,43,52,53,66,67,71,80,87
28,63
7,14,21,28,36,43,47,53,85,87
24,28,36,38,40
3,14,46,52,63,66,78,87,92
20,23,39,47,66,72
14,36,40,42,51,63,69,83
5,21,23,40,43,59,83
17,60,68,85
14,23,47,59,60,63,85,87
8,16,32,34,63,71,85,95
34,62,63,71,81,92
3,38,85,91
3,11,17,18,28,66,69,89
9,39,63,72
39,42,63
39,71,74,78,83,87
10,38,48,63,77,85
8,23,63,81,83,87,89
8,21,42
9,22,36,40,80,81,87
8,12,23,38,48,85
3,4,12,31,41,60,73,83
3,8,18,49,87
12,14,36,66,87
0,42,48,62,63,66,67,71,81,87,89
5,29,60,78,80,81,89,91,93
4,8,36,53,63,67,70,81,99
11,51,52,66,94
3,31,33,42,51,87
9,23,36,41,83
17,38,48,50,76,80,93
14,47
43,61,81,94
9,15,28,78,92
13,35,48,51,87
0,28,38,49,62,87,90
40,43,70,80,93
10,11,21,48,69,73,83
11,12,48,50,63,66,70,83
3,13,21,28,31,38,71,74,83,86,87
14,95
14,21,48,63,66
8,12,14,28,55,67
5,8,14,17,25,87
12,35,40,46,60,63,68,83,87
3,17,19,28,35,51,62,87
9,19,36,73,81
7,21,63,67,69,85
38,87
13,18,36,50,74
18,22,23,28,38,43,47,48,49,53,63,74,81,83,86,90
38,51,60
70,73,87,91
7,62
36,48,61
28,36,48,50,54,68,86
3,34,60,72,88,89
13,35,48,51,87
11,38,66,67,69
13,63
22,40,69,85,93
8,81,87,89
23,29,33,34,67
29,49,73,81,85
17,35,43,47,57,63,67,78,86
7,9,20,23,90
3,7,11,24,38,43,87
0,10,35,39,61,62,69,73,80
10,38,48,63,77
3,36,43,73,93
8,49,83
3,38,48,69
14,29,69
9,63,79,81,85,87
5,67,73,83
9,22,52,62,66,83
3,48,90
4,7,70
17,87
5,25,63
3,10,23,25,28,40,47,56,66,89
7,17,67,72,87,94
7,17,33,86
12,17,39,85,93
11,36,61,63
28,55,68,83,89
3,8,11,15,23,29,43,46,48,63,85
3,14,46,67,77
3,5,29,36,49,60,70,71,90
17,55,61,73,74,86
8,13,28,34,35,40,61,89
9,39,43,66,76
59,67,69,87
11,12,26,43,67,69
15,28,35,36,63,69,80
8,9,34,39,40,59,63,71,72
25,50,55,97
9,18,36,77
6,8,29,61,63,69
36,70
11,33,38,78
7,9,43,69,83,87
26,39,48,63,89,93
3,26,62,71,90,92
10,11,31,39,52,85
33,36,38,96,99
9,69,78
5,17,21,25,33,35,40,67
28,38,47,60,61,78,80,83
23,38,48,49,62,66
11,34,35,55,63,66,69,75,87
12,28,29,38,48,49,69,73,87,90,97
36,49,54,69,78,85,87
9,17,18,35,36,49,81
11,47,48,69
25,38,39,47,62,63,69,78,85,87,89,95
23,26,38,39,43,87
8,17
3,39,60,69,87
3,29,49,50,61,76,87
5,29,33,36,41,45,47,67
39,48,51,87,93
14,38,61,63
0,28,38,47
29,60,63,74,78
21,34,38,47
18,25,38,48,71,75,83
12,25,39,90
23,35,61,88
11,19,25,38,61,73,83,93
4,52,53,62,67,71,87
4,29,36,40,60,87
6,74
14,34,43,48
43,48,61,86,95,96
6,8,28,31,41,69,80,87
12,38,69,85
3,25
8,11,17,19,21,28,36,48,51,61,66,90
18,19,47,54,68,86,87,89
17,25,71,78,86,87
28,38,55,78,97
17,26,35,55,68,69,74
49,52,72,79,87
10,32,51,87
3,28,93
0,28,35,42,45,65,71,89,99
36,63,66,67,86,96
17,43,53,69,85
13,29,38,63,85,87,93
45,46,61,67,87
6,26,36,40,61,62,73,81,87,89
5,42,49,60,63,70,72,86,90
14,17,31,62,87,96
14,47,62,69,80,89
28,36,38,69,83
8,12,29,40,49,61,67,68
5,17,25,35,57,63,69,72
7,20,47,62,67,87
8,28,42,61,74,83
8,11,15,21,23,36,71,78,94
0,4,6,28,69,71,85,90,92
7,8,9,26,75,98
28,39,63,69,85
3,9,47,71,78,83,87
0,14,23,38,48,63,69,71,81,87
9,18,23,63
4,14,20,29,66,90
28,46,51,69
35,87
14,28,57,78
0,21,28,43,45,70,80,87,89
7,11,63,73,80,89,93
8,13,18,30,36,50,74
9,66,73,93
11,29,36,40,48,61,68,69,84
8,11,38
17,23,33,36,38,48,62
8,17,26,38,51,61,80
38,41,42,60,74,81,91
3,15,17,31,61,62,72,97
0,8,13,38,40
11,20,22,38,71,72,87
21,36,38,70,81,87
9,25,36,48,51,63,83
3,17,28,38,69,78,87
22,47,48,69,81,87,89
43,76,81
38,48,87,97
12,28,39,48,51
5,9,17,21,28,36,38,45,66,68,76
0,11,28,35,47,57,68,78,83
8,36,39,40,42,43,67,78
8,16,43,62,69
36,39,49,81,98
4,12,21,28,36,38,47,62,69,72
0,47,48
3,28,69,85,95
69,80,87
7,21,38,42,47,63,83
11,28,35,43,49,61,69,73,86
8,38,43,96
14,26,59,67,69,81,89
0,4,14,20,26,63
8,9,11,36,38,40,48,63,72,81,86
11,13,15,38,43,49,69,76,80,83,87
25,35,70,80,87
9,10,21,35,62,72,81,96
9,38,63,69
10,12,39,60,73
38,67
14,38,40,66,67,81,85,87
3,28,35,36,48,52,60,63,68,74,94
4,23,42,85,98
5,25,38,43,55,59,66,69,71,80,98
3,26,29,33,35,43,47,70,87
3,19,70,80,87
17,39,40,69,81,87
17,28,47,55,86,87
14,17,31,62,87,96
9,18,36,93
17,38,86,89
3,4,11,13,33,38,83,87
6,36,73,87
3,47
0,1,5,62,69,93
13,24,68,69,93
50,76,80,85,87
5,11,38,49,62,63
8,11,18,51,63,80,81,99
0,9,11,17,40,51,80
67,70,80,86
39,52,53
8,28,48,87
41,43,53,55,57,72,87
3,7,24,47,72,74,83,85
18,21,38,45,47
5,29,69,81,83,86
39,93
4,8,14,36,46,47,49,63,78,85,94
25,39,62,63,85,87,95
35,53,63,78
14,23,60,61,67,83,85,86
8,36,39,68
48,69
5,6,25,36,61,67,71,96
11,23,38,40,43,47,63,73,85,93
12
3,22,28,29,43,45,62,69,81,87,95
8,28,47,53,87
6,8,36,43,69
36,38,66,69
14,40
3,9,12,21,46,48
8,63,69,76,87
16,17,21,42,74
3,38,62
38,43,48,78,95
11,39,62,72
17,28,38,61,81
6,38,63,69,83,87,93
47,62,72,75,94
43,70,93
8,21,27,36,48,69
17,62,80,87
15,18,28,29,35,38,50,69
8,21,41,69
23,40,51,69,87,97
13,21,26,31,38,45,63,68,78
12,40,47,86
32,38,80,85
3,17,19,22,23,28,38,40,46,51,81,87,95,97
17,49
36,63
5,18,19,27,39,61,62,63,85,87,88,92
7,18,24,28,38,39,80,95
8,12,81
36,41,61,95
11,23,29,36,45,66,94,97
28,39,81,85,97
9,21,52,78,87,91
6,35,36,39,49,67
3,5,15,62,63,72
39,62,63,68,93,95
3,9,17,29,38,47,63,69,81,85
8,11,40,47,74,76
66,68,89
67,71
39,53,81
10,28,48,59,61,63,69
8,25,36,38,43,47,48,63,83
7,9,39,80
33,87
17,39,63,73,85
9,12,36,51,62,80,87,89
0,28,36,44,51,63
11,13,40,51,63,99
3,25,42,43,71,77
11,17,48,81
66,69,93
8,35,39,69,83,87
5,49,72,87
48,63,67,95
8,35,36,44,45,51,62,67,69,81,85
85
24,38,45,63,87
10,14,40,51,62,74,80,85,87
8,11,28,38,63,71
5,13,23,48,66,80,86
17,28,36,48,97
21,40,63,69,80,81,94
9,38,61,69,99
11,33,36,47,63,78
34,45,51,72,85
39,48,63,68,73
9,26,63,69,71
43,70,87
4,9,17,21
17,38,40,93
49,63
48,88,89,93,99
5,35,38,42,60,61,69,71
81,96
11,28,38,43,47,48,63,73,78,83,86
28,31,36,59,66,70
38,47,67,89
18,33,63,78,90,92,93
9,12,26,40,63,69,71,72,86,87,98
36,38,48,52,62,70,86
9,24,36,38,63,69,85
36,51,63,71,80
11,21,26,38,50,51,67,71,72,90
11,14,50,51
6,28,57,67,76,87
17,53
38,61,86
7,39,43,87
8,11,15,29,36,39,52,68,87
23,40,90,93,94
52,62,63,78,85
11,19,33,34,35,36,49,69,88,95
12,35,52,73
11,17,47,61,73,80
3,89
8,18,29,34,36,42,43,48,67,73,80,97
9,41,45,80,87
48,71
20
3,19,29,41,43,62,67,69
36,69,74,80
43,63,71,78
9,28,33,35,39,41,47,49,63,67,78,86,87
14,17,47,52,59
9,11,14,48,69,83,87,98
15,33,60,63,81,89
4,60,63,67,85,87
9,17,26,42,47,50,69
9,14,18,48,49,61,93
10,17,45
27,40,48,74,86,93
43,69,87,91
8,11,21,24,29,53,63,69
63,72,75
7,36,43,45,48,63,69,71,78,97
25,48,78,87
5,17,28,63
9,26,38,63,69,71
10,14,62,71,74,85,86,87,93
3,4,5,21,39,48,57,69,73,81,87
26,66,73,87,93
13,17,23,36,38,70,80,93
14,21,22,38,63,69,81,93
36,62,63
34,36,39,57,63,66,67,70,85
21,35,42,68,74,80,99
38,39,63
23,48,72,73,80,89
10,38,43,69
14,21,35,36,48,52,90
7,63,74,78,96
5,9,39,43,63,83
8,14,18,29,32,69
3,12,47,48,55,87
8,26,39,87
13,38,41,48,87
34,38,69,96
87,90
3,52
11,12,14,17,53,70,80,85
3,11,31,35,38,63,69,83,87
14,71,93
24,35,53,63
28,39,47,68,69,77,88
10,26
40,48,78,85,97
33,46,69,93
7,11,12,34,38,50,52,67,71
7,14,29,43,60,63,67,72,83,93,95
8,12,26,56,69,78,87
9,38,63,70
38,39,48,55,73,75,87
8,25,36,60,63,66,69,70,78,87
62,63,74
22,27,29,35,38,80,89
27,28,38,39,52,86,95,96
8,43,53,86,96
4,10,12,38,48,50,61,63,87
8,12,81
23,69,73,81
25,38,66
17,83
2,34,38,66
5,48,85,87
3,29,38,68,87
9,29,43,80
3,28,31,38
3,11,18,42,61,63,72,85
40,51,71,76,78,81
85,87
3,8,41,57,72,74,80
11,15,23,29,46
61,63,67
6,14,22,34,70,81,93
10,20,38,85
13,25,28,38,39,40,48,69
8,11,24,42
13,17,25,78,79
11,17,38,49,61,62,69
43,49,71,76,81
12,21,23,28,36,49,52,93
0,70,87,97
28,45,49,73,85,87
11,34,36,38
9,38,72,87
39,48,75
9,21,33,36,38,46,51,68,87
21,36,42,62,69,72,85,86,90,94
61,62,63,72,75,93
87
38,61,63,69
3,7,12,16,33,36,51,73,97
8,71,85
6,34,36,40,46,48,69,72,89,94
45,48,51,85
5,36,49,74,98
10,62,63,71
29,50
0,14,87,93
4,8,11,17,35,38,72,80,86,93
35,63,69
39,89
6,7,9,36,48,57,73
29,36,85
8,10,61,68
4,8,11,25,38,59,85,87,98
4,27,80,83,93
47,87
19,23,29,35,38,47,69,73
9,18,20,71
3,10,33,70,86,89
13,34,35,63,71,89
3,7,10,17,29,31,36,38,53,57,63,70,78
3,85,87,95
3,21,28,33,71,85,86
23,48,69
11,31,36
6,11,74,83
18,36,85
38,40,42,87
14,36,38,52,61,66,87
26,46,63,76,86
0,11,14,48,98
38,39,54,85
21,38,50,63,71
29,42,43,51,69,72,80
8,11,19,21,28,51,61,66,90
6,8,11,28,48,63,69
21,48
11,18,36,38,62,63,79,89,93
52,71
11,14,23,29,35,43,63,81,93
28,38
9,43,45,48,68
17,71,81,87
5,19,38,89,93
6,11,38,93
9,11,34,47,51,73,80
13,28,33,74
6,9,36,51,62,66,78,80
3,29,34,38,81,87,93
0,49,59,67,81,94
63,78,80,93
3,53
34,45,47,61,62,78,79,87
0,52,94
39,77,87
3,5,43,81,83,87
31,33,52,63,67,74
9,29,40,53,67,93
11,66,74,76,86,87
36,38,57
11,80
4,11,19,24,36,41,43,62,63,72,85,87,90
17,19,23,55,61,62,63,93,98
6,17,38,47
8,36,38,52,62,69,70,74,87
47,66,69,72
11,42,48,57,72,93,97
17,46,71,85
9,21,33,46,68,87
7,36,63,67,71,73,86
15,17,22,36,38,63,68,69,78,87
17,61,66,69
5,11,36,40,45,66,87
0,26,28,31,52,73
17,35,48,51,52,61
18,26,33,85,87,88,97
3,8,9,12,14,28,42,50,66,74,83
36,43,83,93
6,11,43,46,62,63
8,28,61,72
36,40,81,89
0,42,48,62,66,71
29,50
3,5,7,29,63,74,83,91,93
21,25,48,52,60,61,62,73,87,97
6,27,35,80,83,85,87,93
34,49,63,87
11,28,61,73
17,28,40,87
8,9,17,38,74,85,90,99
0,12,17,42,62,76,87
9,60,70,87,94,96
12,52,72
5,12,28,29,36,63,67,89,93
43,44,51,55,86,93
25,33,62,75
3,22,27,29,38,52,60,63,68,89
36,42,51,62,70,86,87,89
17,38,72,86,93
43,63,70,78,80,86
28,35,42,73,90
3,12,46,51,52,86
0,40,47,48,62,63,78
3,17,44,63,66,78
34,45,63,66,72
5,7,21,25,28,38,40,63,86
4,6,7,11,33,38,81,83,90
5,14,28,38,69,86
11,14,17,22,36,41,93
38,48,90
60
7,21,25,34,38,63,67,69
48,60,89
11,17,61,81,87
0,21,25,38,43,85,97
16,28,61,72
9,14,20,22,43,63,81,85,86,93,99
40,51,69,83
61,68
12,17,21,36,49,66,80,85
8,13,28,48,62,68,93
12,38,40,41,47,63,73,76,79,85
21,38,49,63
15,51,52,62,63,73,83,85,87,93
4,29,46,63,83
12,17,34,81,85,90
0,3,26,34,35,38,50,55,63,69
40,76,79,89
0,17,23,43,46,48,51,63,71,81,95
0,19,38,72
48
11,22,38,47,63,69,70,83,94
45,69
8,28,29,38,48,49,69,73,81,87,90,97
19,46,49,63,69,74
14,38,69,76
35,38,69,87,89,99
10,28,34,35,36,48,49,72,80,81
11,36,55,61,83,85
13,41,74,87
13,29,36,44,45,69,72,83
3,4,19,26,39,40,42,78,80,89
8,71,95
27,28,60,85
3,8,29,48,63,69
13,60,69,74,90
3,48,61,63,69,80,85,87,95
79,99
14,18,22,26,28,38,40,48,51,73,85
24,35,38,71
3,12,23,76
5,8,39,47,48,60,72,86,89
0,36,40,47,48,62,63,69,78
4,5,35,39,40,69,85,87
3,14,21,26,47,50,63,87
40,72,73
36,39,49,63,69,81,98
8,36,47,48,82
8,10,36,61,71,90
3,28,31,38
38,39,42,47,62,81,85,87,89,90,93
40,69,88
18,20,34,43,62,67,86
10,11,23,26,31,43,55,78
3,12,36,63,80
8,11,38,47,78,93,98
8,24,89
10,13,14,45
8,19,36,43,53,60,69,72,97
17,47,51,63,66,90,98
17,55,72
8,12,18,22,36,38,62,69,89
33,38,62,72,87
8,36,54,68,70,81,87,97
38,43
43,81,85,87
0,8,20
38
21,77
17,28,29,33,60,62
3,13,17,21,33,69,81
3,12,39,47,48,55,80,86
0,3,8,11,13,17,43,44,48,51,63,68,85
12,29,40,67
11,29,63,78,80
29,39,62,63,69,87,90,91
8,35,42,47,63,69,80,87
14,35,36,38,48,70,87,93
11,25,35,36,38,61,73
30,34,53,74,85,92
16,38,55,61,62,66,81
3,17,35
43,50,73,80,92,93
19,22,33,63,89
6,24,33,39,51,52,63,72,74,87
36,48,69,85
14,17,25,28,48,49,61,67,69,72,75,81,86
3,21,35,38,70
15,25,61,81
15,18,35,46,50,85
21,63,72
15,19,28,62,63,80
8,11,48,51,52,93
19,35
10,38,43,63,66,67,69
24,35,69,86,88
8,66,86,87
3,11,24,61,80,95
10,36,38,39,43,61,66,80,86,87
11,36,80,83,85,87
35,36,78,86
18,33,35,38,52,80
5,7,8,17,45,63,73
8,21,36,39,47,59,71,85,86,87
0,8,40,53,63,88
9,38,39,49,51,62,73
5,49,90
17,23,73,85
0,8,40,53,63,88
5,13,48,63,85,87
8,9,29,35,61,62
6,36,38,51
8,14,36,38,53,62,69,71
29,38,39,48,63,69,72
6,7,28,41,80
17,28,36,48,50,60,63
5,16,25,63,89
69,75
35,72,86,87
8,39,48,57,87
17,36,39
16,18,29,38,42,80
17,87
3,13,15,23,51,57,69,78,79,87
7,8,39,53,61,81
3,4,13,25,40,67,86,87,89
9,17,51,62,63,86
22,48,63,80
61,68,79,86,93
5,7,10,11,14,21,29,48,66,69
14,17,26,39,71,86,93
3,38,52,80,85,86,87,95
3,61,72,89
8,11,12,23,61,67,80,86
28,96
8,9,17,26,36,61,78
21,35,38,45,63,81
45
52,80,83,87
17,42,63,74,81,87
11,36,38,47,48,52,69,87
4,25,52,53,59,67,71,87
28,35
3,41,67,69
0,39,47,52
0,9,38,60,68,95
27,36,43,47,49,61,65,66,87
25,26,35,36
14,17,38,49,63,76,85
9,17,38
9,17,36,41,43,52,55,69
6,9,19,25,28,33,36,42,61,75
17,34,49,85
68,89
8,28,29,38,48,56,73,78,87,90,97
8,23,29,72,86
7,25,36,85,89
8,33,36,41,72,80,83,87,93
9,38,80,99
8,11,13,38,74
5,6,17,33,36
34
8,25,31,51
3,14,19,42,43,71,72,87,90,93
22,72
39,69,72,81
7,25,28,34,36,47,50,62,69,85
35,43,72,90,93
19,24,67,80,85
11,33,34,38,45,50,63,85,87,89
17,21,28,30,33,35,40,66,67,69,86
9,21,26,38,50,51,63,67,69,71,72
10,26,36,51
7,8,9,26,63,73,74,75,86,98
17,74,86
29,34,36,63,67
21,40,63,69,80,81
17,21,40,47,66,80,99
36,80
28,38,40,51
6,11,29,63,80,81,83,87,93
0,17,63,87
22,39,67,89,91
28,36,38,40,46,51,60,80,87
0,33,36,44,94
62,67,69,87
8,9,36,38,47,49,85
40,63,81,88
17,19,35,62,87
6,11,53
8,28,86,89
8,9,17,26,36,47,48,69,98
10,11,14,28,36,47,48,49,62,98
9,16,25,36,52,63,69,83,98
3,35,36,67,72,83,86
25,69
46,52,70,72,74
36,39,61,63,67,89
39,43,74
9,39,83,97
19,28,50,55,63,67,99
14,23,61,71,74,76,78,87
3,17,21,47,63
34,43,69,73,86,88
9,48,63,69,87,93
47,73,85
17,36,42,87
9,35,62,81
9,23,51,63,69,71
3,23,28,47,61
0,11,34,61,85
60,85
62,67,69
3,23,98
38,63
5,10,21,29,47,52,63,69,73,85,86,98
17,28,39,40,74,87
11,33,34,38,43,61,86,93
10,36,87,91
3,10,73
16,63,89
11,36,68,80,86
48,63,85
75,87,89
39,48,51,53,63
0,3,6,9,17,18,34,86
33,85
28,36,38,93
8,14,21,33,35,46,61,81,88
10,26,38,61
23,26,38
5,21,38,39,43,67,68,78
13,41,63,69
11,48,52,78,87,93,97
41,47,60
7,28,32,38,61
10,48,83,93
28,86
38,39,63
12,21,36,53,69,72
71,84,86
66,68,73,78,86,87
9,17,34,36,49,70,85
21,38,63,69,97
4,25,31,38,43,49,59,85,89,93,95,97
3,11,21,38,48,49,51,52,63
16,18,29,38,42
9,28,47,63,72,86
8,25,60,69,87
46
11,20,22,42,71,72,90
10,60,68,89,98
29,61,63
13,63,87,91
29,42,63
12,25,46
8,11,39,53,69,76,78,88
25,35,70,80,87
14,40,85
23,33,35,43,53,81,97
3,26,48,51,72,81,87
80
8,28,29,35,40,61,95,97
4,8,9,26,36,39,63,66,69,85
3,10,73
14,71,74,76,78,87
23,33,39,48,71,80
15,21,35,38,43,45,76,87
9,17,49,72
38,62,78
9,47,48,87,95
55,61,73,74,86
6,8,26,50,63
11,13,61,93,97
76
48,67,81,86
17,28,35,71
8,23,28,36,39,42,45,48,55,63,87,97
63,85,87
0,7,34,38,50,61,86,92
31,38,39,40,43,61,81,87
28,36,48,53,70,80
23,24,41,55,87
7,36,47,63,67,71,73,86,98
17,47,50
34,43,69,73,86,88
10,14,62,72,76
10,29,95
5,7,83
3,13,22,36,61
11,17,61,63,67,69,80
33,69,80,89
35,38,61,63,66,69,83
14,25,28,43,48,50,55,97
69,76,78,80
29,51,87
3,34,36,38,39,47,55,80,87
69,72,78,94
34,43,91
7,17,28,38,49,51,62,67,69
8,16,62,67,69,87
0,38,62,87
4,8,11,60,63,74,89
33,36,42,51,97
9,29,47,48,59,60,85,87,89
5,29,47,52,63,69,73,87,98
35,52,73,78,93
9,23,69,85,86,97
5,23,31,59,62,66,69
5,11,45,66
38,63,73,93
35,52,85,87,97
28,36,38,40
7,9,20,23,36,48,50,52,90
3,11,14,36,38,40,41,65,71,80,87,89
6,62,69,70,81
9,26,38,46,47,86,87
14,26,35,89,93
7,28,32,38,61,87
3,8,23,28,38,42,43,65,76,80,85,87
8,14,17,21,38,83,87,98
11,17,61,81,87
11,14,15,23,29,46,48,49
35,38,42,73,85
17,23,29,39,40,48,50,55,57,62
36,39,49,78,80,81,93,98
8,48,57,97
8,36,39,41,43,48,57,97
0,7,48,63,73,80
0,11,16,18,28,38,43,73,97
4,11,14,36,43,50,51,81,87
31,38,49,59,85,93
6,11,47,48,51,62,68,83,85,87
3,38,52,68,71,74,94
10,14,38,47,61,67,87
0,8,38,71,72,76
3,47,55
8,40,51,67,83
6,22,28,34,39,41,47
17,28,29,31,71,80
11,13,26,53,59,78
4,31,69
11,25,36,38,47,49,53
0,8,17,43,53,63,81,85,87
24,28,39,55,63,67,92,98
39,42,81,85,89,93
11,36,59
7,38,47,66,86,87,95
26,33,63,69,71
10,17,28,39,50,51,69,71,87
3,29,48,56,78,79
36,69,80
7,23,28,36,46,69,72,92
19,39,41,59,62,72,87,96
8,63,75,77,89
9,26,32,62,67,83,87
3,9,17,38,63,74
11,48,71,73,77
62
10,11,23,26,31,43,55,78
3,38,42,48
21,26,39,48,63,67,72,73,93
11,28,36,69,72,86
85,93,99
18,23,29,57,59,61,86,89
28,36,63
11,22,47,61,63,68,73
42,51,71,78,97
7,66,86,87,95
14,50,62,63,69,85,89
85
26,29,39,48,69,87
38,48,63
10,23,56,86
10,26,28,38,63,68,72,83
34,45,51,72,85
21,28,29,36,80,85
34,43,69,73,86,88
28,36,53,62,69
36,52
11,12,23,28,36,38,78
23,29,35,47,60
3,8,31,34,50,61,71,72,89
8,12,18,22,36,38,62,63
5,11,17,28,38,60,63,72,83,87
6,10,59,69,72,81,85
7,38,39,80,95
42,69,83,88
41,53,90
3,31,36,39,40,63,71,73
9,18,36,50,77,78
7,67,69,86,87
14,17,25,35,39,57,60,61,63
11,28,36,48,63,85
3,10,11,59,63
38,47,49,63,78,87
48,55,63
9,63,73,74
35,38,40,46,73
3,9,11,28,55,61,62
9,36,38,52,62,69,71,98
3,80,85,87,95
25,85
14,57,90,99
3,47,55
0,14,34,38,47,49,51,57,60,78,85
3,17,18,45,85,86,93
12,24,28,39,74,80,87,88,93
3,12,53,63,74,86
33,40,43,67,87
6,17,21,29,34,83
45,48,51
8,17,36,39,61,76,79
36,38,39,63,69
10,19,26,38,39,40,91
3,28
36,86
0,6,11,50,52,63,69,87
0,11,16,17,18,23,28,36,38,43,67,73,87,97
29,49,68,69,80,85
24,26,29,36,55,71,78,97
29,40,41,47,48,52,76,78,81
3,5,25,63,69,81,87
9,38,39,40,51,81
8,14,28,31,50,63,91
17,38,62,71,80,88,96
69,81,83
8,34,36,66,86
8,49,87
17,74,75,77,81
21,36,43,67,72,80,85,86,93
5,28,48,85
9,21,36,38,67,85,87
8,35,36,38,49,63,69,71,98
3,17,18,28,36,51,86
3,12,17,18,38,48,78
11,38,47,51,62,66,76,87
3,8,11,15,23,29,38,46,60,63,78
36,67
6,9,17,39,40,53,63,69,73,83,97
10,29,38,69,71
3,9,31,38,40,44,52,63,67,80,89,90,98
17,41,73,78
8,17,52,72,87,89,95
3,26,38,69,70,85
15,17,28,29,69,71,86
1,8,28,48,63,85,87
21,33,40,73,85
39,40,69,71,81
11,17,40,48,51,62,67,69,76,80,81
11,15,28,33,60,61,66,81,85,97
6,11,22,46,61,70,92
38,63,73,93
11,13,38,47,54,60,63,76
8,11,12,17,36,38,40,71,80,86,93
0,5,7,11,29,33,69,80,95
0,22,39,42,85
19,42,63,87
3,12,69,79,83
36,39,63,67,71,78
8,24,89
9,10,28,62,63,73,78,83,94,95
4,17,28,36,51,53,61,71
8,72,98
9,21,26,51,52
13,18,35,38,39,43,66,67,72,73
11,14,47,50,51,63,73
10,62,63,71,73
9,10,28,34,36,63,83,87,99
26,35,38,42,69,73,85,87
3,6,29,48,56,69,78,79,80,89
47,95
5,25,63,81,87
21,34,45,51,66,72,85
14,29,39,69
12,26,71
0,11,38,51,62,67,69,73,87
3,8,28,36,38,51
28,40,63,81,83,93,97
3,5,29,40,42,43,61,68,83,89,93
29,47,59,69,71
17,28,33,45,52,63,72,85,96
62
36,48,51,59,62,63,75,83,87,97
52,66,94
10,57,63,95
36,40,51,76,78,93
9,24,39,72,81
44,50,93
29,50,69,89
48,60,63
7,24,28
23,25,36,69,86,95
25,62,80,89
23,43,48,52,63,86
0,4,38,47,70,78
13,52,59,69
6,28,41,80
27,28,29,41,43,63,85
8,36,72
21,57,63,72,81,87
10,41,42,50,63,70,78
3,8,16,38,39,48,73,86
8,29,80
29,39,48,49,73,74,80
15,28,34,35,67,69
39,62
7,13,26,36,46,48,49,63,92,96
9,36,38,74
36,45
17,28,36,38
38,50,98
4,17,59,86,87,92,98
13,34,38,40,70,87,93
3,48,63,89
47,86,90,93
21,44,48,51,62,77,80
51,69,83
11,38,42,63,69,87
33,48,66
12,27,48,69,84
3,7,8,14,21,24,35,38,70,83,87,98
4,23,34,38,87
15,17,38,39,69,74,87
14,18,43,47,63,81,83,95
6,8,11,48,63,69
14,36,40,47,69,80,86,90
11,17,36,39,48,61,80,90
18,21,48,63,73
5,9,11,39,40
0,39
8,14,28,38,43,53,96
29,86,87,93,97
23,47,63,68,83,93
4,35,43,45,48,51,85,92,95
8,10,29,62,69,86
5,11,62,69
17,35,48,51,52,69
48,67,81,86
17,40,55,89
17,38,46,48,63,73
7,11,16,27,40,63,67,70,98
3,8,29,31,35,47,55,62,80
61,69,76,80,83,89
7,52,63,72,85
11,80
10,11,31,48,80,85
14,36,38,48,68,78,86,93
0,9,12,26,33,46,67,87,93
31,39,63,69,73
3,13,17,24,85,97
8,24,28,53,71,78
7,43,46
11,14,19,23,40,79
34,38,54,73,78,85
28
43,62,89
13,38,48,93
27,28,42,55,91,96
11,80
6,9,12,33,86
47,63,68
9,22,61,76,98
3,36,47,52
14,17,19,35,43,47,63,92
21,28,36,38,50,63,71
11,34,42,48,61,74,92,95
15,28,32,69,85
9,36,61,62,67,84,87,89
5,36,67,71,96
29,50
3,12,17,38,69,72,96
9,21,36,45,69,73,81
13,27,38,40,52,74,78
14,17,40,51,90
3,10,40,42,89
12,17,26,38,53,67
21,28,36
40,48,78,85,97
28,39,70,72,80,81,87,90
3,17,49,53,87
8,39,41,73,78,80,81
5,83
7,8,29,67,68,87
36,48,70
21,26,28,62,69
8,27,36,69,85
11,24,28,38,39,43,69,83,86,93
26,38,45,68,72,78,89
0,8,38,76,93,98
22,40,69,83,85,93,97
6,11,21,28,48,63,69,99
57
23,36,50
38,48,53,81,87
0,9,11,13,48
3,6,12,47,48,55,63,78,83
10,17,28,50,93
24,29,66
13,27,38,40,52,74,78
8,38,40,81
12,25,34,52,63,68,75,83
6,35,85,87
14,53,62
3,16,18,42,49,63
12,38,45,63
14,67,85,86,99
8,13,67,68,89
8,23,38,68,74
7,21,38,42,47,63,83
0,7,23,29,36,47,52,73
31,51,69
39,40,43,48,70,80,87
0,9,15,26,29,34,38,40,43,61,63,80,85,87
7,28,48,74,78
5,62,73
26,36,52,55,61,62,73,78
17,25,57,61,69
3,8,31,34,38,66,81
62,87,93
3,5,36,38,76
40,44,60,87,93
8,73,78,80,86
5,36,39,63,67,71,96
3,9,17,31,38,48,51,60,67,69,72,80,88
34,43,57,63,87,94
25,34,43
8,14,25,29,45,62,70,87
3,11,12,27,39,81,89,91
0,4,8,78
14,17,47,52,59,85
39,40,62,63,64,80
3,12,23,39,50,62,72,73,78
24,35,69,71,85,87
18,36,62,83,87
17,28,39,53,63,78,85,87
7,41,67,69,85,95
19,66
14,17,21,35,49,63,67,70
3,8,38,47,67,76,81,85
11,18,41,47,48,60,80,81
28,35,38,93
11,38
28,29,69,72,89
25,36,59,62
5,28,38,59,74,78,80
8,29,80
11,19,25,38,61,73,83
3,11,24,25,42,43,61,73,80,95
8,12,67,72,87
4,9,10,17,21,43,76
21,69
43,47,63,68,69,74,99
26,86,95
22,40,47,66,81
73,81,87
17,35,67,71
17,21,33,35,40,67
5,9,47,63,68,77,85,87
11,21,33,36,38,48,67,71,80,97
8,23,36,50,61,63,67,80,81,86,88
8,10,29,36,48,63,81,86,87,90
29,40,67,69
12,14,71,74,76,78,85,87
8,33,38,67,80
49,52,66,71
8,14,19,49,67,68,86,89,93
38,39,43
3,5,9,38,42
21,41,49,62
43,52,60,80,83,87
14,38,39,52,57,62,85,93
8,22,48,72
6,14,36,38,41,61,85,87,90
9,35,52,62,63,81
3,8,11,12,14,21,48,69,86
17,18,34,48,59
13,14,25,39,67,68,80,93,97
13,17,85
8,23,39,40,41,42,73,78,80,81,85
29,63,67,80,87,98
48,87,93
36,49,98
6,9,13,38,97
8,38,86,87,95
23,39,48,69,76,87,95
17,21,40,48,95
8,10,26,69,78,93
33,48
9,29,42,86,87
18,47
0,3,40,52,63,97
16,26,38,46,52,63
35,38,60
8,11,40,57
9,47,48,53,55,83,87,93
3,9,11,14,29,38,48,52,98
36,40,49,55,87,89
14,40,43,73,78,80
11,13,40,68,74,87
16,17,18,19,61,63,71,81,88
22,39,67,89,91
18,39,78
33,36,48,76
11,26,33,38,61
3,21,43,48,70,83
8,35,36,48,78,85,86
7,38,39,80,95
11,48,57,67,73,83,91,93
16,17,21,42,69,72,74
40,66,73,85
0,28,65,71,89
11,40,45,62,66
3,63,69,99
5,6,8,73,93
4,47,69
6,8,23,34,39,48,76,78,83,95
63,81,85
9,62,63,66
40,63,87,95
5,68,86
43,81
34,43,91
38,48
0,28,42,93
27,36,39,51,59,62,63,87
81,87
7,19,42,49,51,63
22,34,63,66
9,18,25,28,67,70,83,85,90,95
4,12,29,40,67,69,78,85
6,14,26,38,51,55,69,76,92
17,36,38,50,63,72,97
47,61,85
11,28,47,48,69,85
18,23,40,48,51,67,86
69,72
18,28,38,49,51,55,57,60,81,85
38,72,89
8,21,41,69
28,29,36,52,57,63,69,80,93
5,17,23,36,67,96
5,38,40,47,51,63
28,69,75,88
11,15,18,26,33,85,87,88,97
38,43,63,73,87
0,8,38,42,73,83
9,17,26,38,69
0,70,87,97
8,11,12,21,61,69
6,14,29,43,53,55,60,63,67,72,78,95
7,33,35,43,47,63,81,83,87
13,17,47,55,63,69,93
7,29,62,72,85,86
13,22,33,60,90
17,49,87
28,42,48,61,67,69,72,73,85
7,8,19,35,39,62,63,81
28,38
5,9,29,69,72
8,29,38,69,83
11,36,42,87
11,17,26,36,40,69,93
14,35,38,39,61,98
10,35,36,87,91
48,62
38,49,63,78,87
71,85,92
0,48,69,87,89
8,11,35,77,80,83,86,89
16,46,52,63
73,80
8,29,36,85,93
54,60,61,66,67,70,72,76,89
36,43,63,70
7,23,28,40,48,84,97
38,40,51,60,66,67,74
8,22,23,61,84,85,87,89
8,12,26,36,43,52,61,63,80,85
17,26,35,55,68,69,74
11,20,26,33,35,39,85,94
48,67,95
19,40,55,57,70,83,89
13,35,36,69
5,47,80
38,51,72,91,99
3,8,12,40,48,50,78,83,85,97
10,29,40,81
11,23,48,69,78
21,38,66,80,86,93
28,69,87
11,33,63,69,76,80,81,95,97
17,69
11,14,78,80,83
3,39,52,55,87,97
6,8,14,19,66
15,40,72,87
36,61,74
11,13,28,38,43,61,63,73,87
63,95
4,12,48,61,87
11,14,25,93,97
14,53,62
36,40,52,59,70,78,83
28,35,44,78,87
7,18,33,38,61,63,81,85
0,35,47,70,92
6,7,11,23,28,35,40,95
3,8,28,38,40,85,87
8,51,53,87
3,9,21,69,96
28,35,47,48
3,7,17,28,51,93
16,36,49,87
5,19,61,62,87
5,14,17,36,60,67,73,80,87,97
54,62
11,22,38,47,63,69,70,94
29,38,71,81,87,89
5,39,43,46,54,57,63
17,34,36,59,85
38,62,63,71,78
8,42,51,72,76
9,70,80
14,16,27,50,63,78,89,97
8,11,28,38,47,81,87,97
18,36,81,93
13,40,41,97
8,59,72,93
20,23,33,46,78,89,93
7,42,48,69,81,83
1,21
23,50,63,67,86
11,46,61,92
17,83
8,17,25,40
3,5,43,45,49,63
3,63,66,78
14,29,55,92
20,43,63,69,85
23,36,39,41,59,85
3,49,63,73,83
9,19,33,35,81,83,89
14,25,26,48,53,62,78,87
6,28,29,63,87
11,12,14,17,53,70,80,85
13,33,81
17,28,29,36,39,51
3,13,29,72,81,93
52,63,86
21,36,63,87,89,97
7,38,39,80,95
10,14,35,80
20,34,43,67,86
4,12,29,38,48,55,61,62,87
3,63,66
11,14,38,57,67,69,85,86,99
28,41,47,59,62
0,3,8,11,24,35,36,87
18,38,60,95
9,11,29,31,45,46,48,69,89
18,38,43,57,63
33,39,78,93
35,49,60,63
9,28,36,42,47,61,74
5,14,33,35,42,54,87
16,18,38,61,93
48,60,61,63
13,22,33,60,90
61,63,72
5,34,55,63,89
3,9,12,21,46,48
49,69
14,17,25,39,72
13,29,81,93
9,63,73,74
38,73,76
43,74
72,74
23,39,72,73
8,23,25,34,36,38,43,45,75,87,92
6,33,62,63,78,96,99
3,39,40,51
8,11,28,47,61,72,73,80
22,23,26,34,69
8,26,38,39,43,49,54,59,62,66,78,85,86
8,93
9,14,17,25,38,83,89,90
17,29,45
17,39,48,57,69
19,61,69,87,91
38,46,50,63,69,89,93,99
3,17,36,47,61,63,67,69,71,74,87,89,94
14,42,71,74,76,78,86,87
39,48,51,53,63
4,21,43
28,29,38,48,49,69,73,87,90,97
0,36,43,76,93,98
5,17,28,36,43,47,67,69,85,87,89
8,20,38,68,72,74,97
9,26,38,42,61,63,69
63,69,95
38,66,78
33,47,74,86
9,19,28,47,71,87,93
23,49,80,85,90
35,52,85,87,97
53,63,95
11,12,14,39,81,85,92
14,23,35,39,52,61,70,85,88
14,21,48,63,66,87
3,78
29,39,49,51,71,81,87
3,67,93
25,43,45,51,85
7,12,17,44
36,45,67,80
29,39,52,61,63,72
3,36,47,52
43,81,83,85
14,18,29,72
9,14,28,54,55,62,63,66,69,78,87,93,97
24,28,38,39,55
38,46,50,55,69,81,86
7,14,21,69,72
8,11,23,39,43,48,81,90,97
5,7,83
34,43,59,63,80,87
17,66,91
9,23,50,53,67,86,93
17,63,71,88
11,17,21,33,38,39,48,49,57,69
36,63
14,17,28,50,74,87
9,36,39,70,73,85
36,51,59,62,63,87,97
5,25,26,28,34,38,47,52,66,69,85
47,60,63,81,85,87,95
8,51,72,76
6,51,66
24,63,69,74
0,29,35,69,71
0,6,16,34,50,52
38,39,43,63,73
8,26,38,63,73,81
3,15,41,43,50,52,63
14,39,67,74
3,26,35,38,43,73
29,48,87
11,15,23,29,46
10,23,36,63,71,80,85,87
12,16,39,63,68,86,89
6,8,23,48,52,63,86
7,34,38,55,67,69,91,94
31,34,36,70,96
38,47,48,55,67,88
17,29,35,36,81
3,11,12,46,71
69,72
14,18,29,39,43,49,60,63,67,71,72,93,95
38,52,86
11,31,34,63,69,78
0,14,19,48,62,63
22,29,47,49,71,78,81,95,97
28,36,49,80,81
28,85,95
18,48,63,73
32,38,39,47,81
11,20,22,57,69,71,72,79
19,28,48,87
3,38,67,81,85,95
43,79,89
8,28,36,73,74
11,28,35,61
8,12,17,36,38,47,69,74
25,45,51,85
3,8,12,14,21,40,48,63,67,68,81,95
33
36,47,97
9,11,50
17,28,36,50,63,81,87,99
8,17,28,69,71,72
16,38,42,63,68
3,8,21,40,61,81
7,14,38,62,63,69,75,80,93,95
0,4,28,69,71,90
61,63,69,71
10,11,21,29,44,48,62,69,81,83,87,91
63,90,93,98
33,40,69
34,47,61,62,87
32,63,67
14,22,93
11,41,80,87,97
22,40,61
0,23,24,35,51,70,73,89
23,36,67,80
9,61,69
11,28,36,39,42,47,48,69,80,85
8,14,29,36,39,55,74,93,96
38,40
11,40,95
17,28,34,45,62,63,69,71,80,83,88
8,38,63,69,85,93,95
12,24,28,52,66,69,81
0,15,38,40,89
45,66,83
9,62,63,66
7,26,48,51,62,67,87,88
0,28
7,8,9,17,26,63,75,98
8,14,29,34,38,40,45,53,62,70,85,87
9,21,28,40,41,47,51,69,85,93,99
7,49,61,63,69,85,87
8,26,31,36,47,87,90
89,93
10,40,63,87
50,63,81
17,21,25,29,48
22,35,36,87,90,91
14,36,57
28,36,39,49,69,72,78,80,81,92
8,25,38
3,29,33,34,35,38,72,74,81,87,93,97
3,35,38,57,63,71,85
3,48,86,87,89
26,36,51,63
8,11,12,36,38,40
63,69
3,22,28,29,43,69,81,95
5,10,22,26,28,38,39,85
0,15,60,62
14,38,76
14,26,40,52,74
5,17,36,51,69,72,76,84,87,93
21,35,36,38,43,46,47,51,63,69,83,89
11,21,59,74,87
14,50,62,63,69,78,89,94
35,43,47,63,64,66,67,71,94
3,12,62,63
3,40,49,70,71,83,89,90
17,38,46,48,71
29,39,47,68,75,86
10,33,38,51,63,71,85,87
39,62,87,89,96
38,48
19,28,36,38,53,66,69,81,95
8,10,11,40,57,63,87
52,63
11,38,40,93
3,8,11,29,62,80
9,26,63,69,71
8,47,60,69,72,85,87,95
8,48,70,87
63,73,86
9,27,51,69,87
9,18,23,29,36,38,41,69,83
34,63,79,82
11,12,14,18,28,29,62,63
11,28,35,43,61,73
3,31,53,67
35,36,83
15,36,38,69
11,63,76,81,97
13,72,87
47
7,9,11,20,23,38,40,52,63,90
48,63,83
10,28,48,59,61,63,69
0,5,11,48,57,80,87,95
28,29,38,71,81,87
14,47,50,62,63,69,71,80,89
6,11,29,36,38,46,49,62,68,92
8,14,38,48,73,80
4,14,40,78,93
10,23,61,97
26,28,47,62,72,76,89
3,11,14,17,28,40,61,74
8,11,12,23,36,39,63,74,75,93
9,28,31,61,78,83
8,13,35,72,73,80
9,31,61,80,81,86,89
3,8,18,49,87
9,24,39,72,81
6,8,11,29,38,46,49,52,62,75
2,9,24,28,35,36,38,42,53,61,62,63,78,90
31,48,78
35,36,41,85,97
8,12,39,55,66,69,87
3,7,23,33,40,71,81
36,83
11,43,47,62,87,92,97
8,14,28,63,96
9,47,48,61,71,83,87
18,34,36,40,68,79,83,85
9,28,36,42,61
28,35,44,78,87
8,39,40,55,61,67,80,85
48,97
10,18,33,36,38,40,51,63,71,85,86,87
11,38,47,48,69
11,23,72
12,29,40,67
11,38,47,48,55,63,67,87
0,10,25,38,63,85
3,20,48,61,80
20,21,38,50,51,69,73,81
3,10,24,26,28,78
35,39,67,81
60,67,87,95,96
28,35,62,63,85,88,89
9,59,67,69,78,81,94
78,93
12,35,36,41,85
6,7,8,28,55,63,68,83,89
11,40,45,66
15,29,40,47,60,69,71,85
25,50,55,81,89,97
17,21,25,29,48
48,69,85
2,14,29,38,55,62,90,92
18,29,36,38,71
5,12,34,44
18,47,57,63,81
20,59,63,67,69,73,78,81,94
21,25,38,45,50,51,63,71,85
11,34,69
25,26,36,50,85,97
3,38,48,87
36,63
26,38,63,83
5,10,11,17,28,48,63,85
11,29,31,38,47,60,63,70,78,83
8,81,87,89
11,14,26,36,48,51,63,76,96
9,29,30,52,53,74,85,92
3,5,38,40,42,81
7,12,17,19,21,39,61,63,89
14,34,43,48
17,36,51,69,72,76,84,93
3,48,61,81,89
8,33,36,51,57,66
81,87
3,8,18,49,87
8,29,43,57,59,67
18,34,38,43,49,51,93
0,10,11,28,40,47,51,63,72,86
7,10,36,38,71
8,12,38,68,89,93
12,14,36,43,69,83,97
8,23,83
28,33,38,68
8,28,48,81
5,36,43,66,81
52,60,72
33,68,74,81,87
43,86
17,86,87
15,19,22,35,41,43
6,36,38,68,73,81,99
9,11,14,20,28,42,48,50,59,62,71,98
8,17,33,38,43,93
46,52,69,83,94
26,47,51,53,69,73,77,85,87
11,28,33,35,36,38,69,73,76,80,81
34,35,63,71,89
38,83,86,87,95
0,17,41,48,62,67,69,76,80
3,23,48,67,70,73
11,13,28,61
22,48,50,60
8,11,20,38,52,71,73,81,83,89
21,41,62
7,21
4,11,55,85
3,17,33,78,80,87,88
23,26,33,39,63,67,87,89
5,38,81
7,38,86
3,11,17,18,63
8,14,38,48,73,80
0,4,9,19,28,63,69,71,90,92
9,11,38,49,87,89
30,71,73
11,23,63,85
36,38,40,43,48,63,89
3,47,78,80,85,93
3,26,43
38,48,69
36,38,52,60,62,73,87
9,17,26,38,46,57,63,85
25,27,36,81
35
6,11,38,87
19,48,83
29,38,39,85
9,20,22,40,81,86,90,99
8,28,29,53
63,67,98,99
3,5,38,53,72,90
0,5,7,11,12,29,35,68,83,87
20,28,38,39,87
21,46,50,68,78,81,90
36,43,81
9,36,53,61,62,67,71,84,87,89
11,29,31,45,49,63,69,70,74,83
70,90
8,9,36,43,70,83,93
17,26,46,50,63,85
11,41,55,88
5,31,59,62,66,86
3,23,34,41,51,63,73,83,87
17,23,26,38,61,69,73
3,35,43,47,67,69,83
8,11,63,69,87,95
93
8,29,38,50,69,87,89
3,27,28,29,33,41,43,63,69,81,85
34,49,63,67,81
47,69
9,29,43,63,67,72,77,83,93,97
23,69,73,81,86
8,23,36,38,63,72,87
3,39,40,51,52
8,11,19,21,28,51,61,66,90
69
4,16,31,36,48,83,89
16,17,46,47,52,93
8,23,38,73,74,78,89
33,66,81
3,11,47,68,71,80
43,69,87
0,15,17,29,42,47,85
8,72,78,83
38,45,63
42,69,87
8,40,41,43,67,83,87
14,61,71,89
11,31,51,78,97
12,21,36,71
4,22,41,46,87,99
47,51,53,63,74,97
39,55,87
43,63
34,86
25,38,49
19,33,49,69
39,40,41,43,83,98
3,34,38,39,49,68,85,87
86,87,89
71,85,95
11,33,36,39,70,81
86
39,40,63,66,67,70,74,87,94
9,18,22,36,61,76,77,98
17,34,72,97
8,14,28,38,43,53,96
67,80
23,48,52,63,79,83,86,89
15,28,41,48,62,63,66,73,81,87
14,31,61,63
18,49
41,83
5,9,17,36,38,67,69
0,3,26,34,35,38,50,55,63,69
48,63,85
0,8,38,42,73,83
10,35,38,44,62,63,71,73,87,88
63,69
3,20,47,67,87
25,38,39,90
11,22,38,47,63,69,70,94
21,38,73,87
28,33,83
7,19,25,94,95
38,66
7,42,51,53,69
45,69
62,63,69,81,83,87
3,25,87
27,34,69,78,83,87,93,98
8,38,48,86
9,52,69,79,87,90
34,63,69,73,79,96
28,87
19,29,48
4,23,38,48,51,89,94
13,38,83,87
43,81,85,96
5,11,28,63,67,80,83
34,38,43,47,71
31,76,78
8,14,38,66,67,73,90
36,39,57,63,70
87,95
23,24,61,70
15,21,29,63,89
38,43,63
32,40,78,80
0,8,11,14,23,63,78,80,81,83,85,87
18,34,43,72,74
3,7,8,10,29,63,69,73,97
38,48,78,87
0,8,12,28,43,65,69,70,71,80,81,83,89
36,51,66
21,38,79,85
11,48,51,61,69,96
9,38,63,70
48,61,81,89
5,8,20,31,35,38,50,53,87
47,63
5,11,36,39,48,62,71,87
9,48,59,61,78,93
13,18,38,40,61,69,71,80,86,87,97
7,93
18,53,62,67,69,85,87,93,95
10,63,67,73,85
21,50,51,69,73,81
5,9
23,25,29,36,38,53,69,73
25,36,59,62
9,28,36,42,61
12,14,43,47,66,74
7,28,38,61,63,85,86
39,56,68,85
28,36,48,51,81,87
8,61,76,79
9,16,26,38,39,62,78,90
14,69,78,94
3,13,29,35
5,12,46,52,72,97
3,35,36,48,63,67,78,86
26,29,31,67,86,95
9,20,33,38,43,50,63
60,71,72,86,87
28,63,69,80
11,17,38,81
10,29,62,63,71,73,74,86
10,22,24,38,40,43,70,78,93
47
6,40,53,55,61,78,85
11,14,60,85,90
3,17,43,47,69,81,85
43,48,70,72,83,99
0,4,14,29,36,38,39,49,51,61,69,72,81
3,18,41,49,81,91,95
14,36,48,63,69,70,83
34,39,48,63,67,80
3,48,74,90
0,34,61
36,61,66,71
3,8,23,36,53,97
35,47,48,67
17,40,41,43,60,68,85,98
11,17,38,68,69,86
16,17,21,32,34,52,71,87,95
26,31,43,63,70,80,87,99
36,52,61
9,36,48,69,86
4,9,26,38,42,61,63,69,72,73
14,18,29,71,72
21,23,40,43,48,62,71,77,97
13,67,83
0,11,14,48,98
16,50
4,14,33,38,50,61,69,74,87,93
35,48,62,69,70,87,89
8,10,17,23,39,59,63,73,87
61,67,83,87,93
41,45,67,80
13,29,61,62
3,10,17,29,35,36,38,48,63,71
14,38,48,63,97
17,27,40,48,74,86,93
3,7,83
8,66,96
41,47,48,61,63,68,69,71,81,83
19,66
3,12,75,83,85,93
21,42,49,51
28,33,38,87
52,95
3,14,16,17,20,29,84
3,66,78
24,46,67
3,67,83
16,43,47,48,72,73,98
8,11,34,67,69,77
3,38,50,57,62,70,94
17,42,43,76,85
23,36,49,72,73,81,85
24,35,69,86,88
4,60,63,67,85,87
9,12,17,26,34,49,63,71,78,87
28,39,81,85,97
3,68,72,80,81,87
29,61,80,89,95
8,35,36,48,63,68,83
3,9,17,33,43,60,69,81,92
7,9,10,22,29,39,50,76,85
5,9,14,27,36,39,41,43,51,69,87
35,38,45,48,87
8,14,29,35,39,47,67,90
14,40,85
16,18,19,61,81
38,39,42,48,63,69,72,87,97
17,39,63,73,85
13,41,63,69
4,36,48,73,93
3,7,11,22,25,36,48,89
8,12,14,28,43,48,66,74
9,14,39,63,70,74,81
8,10,36,90
3,11,21,51,63,69,71,97
7,9,67,69,72,86,87
11,14,26,28,47,67,87
35,38,47,48,63,67,76,78,81,87
17,38,72,85,86,97
19,21,25,51,52,71,89
3,10,38,48,63,72,77
26,36,43,83,93
8,29,35,36,85,93
52,62,63,80,87,92
4,11,13,14,22,36,38,39,40,68,73,97
3,8,13,33,36,41,47,63,69
11,13,48
8,25,36,43,48,80,87
3,29,38,68,87
28,36,38,53,89,97
17,26,66,78
8,61,68,85
19,21,38,39,69,72,81,87,96
25,29,40,41
7,17,19,23,40,42,49,51
0,8,12,28,63,81,85,87
8,35,36,63,69,71
6,8,11,34,67,69,74,77,83
68,97
14,38,47,69
3,14,26,35,80,85,87,93
13,17,38,39,71,85,87,97
15,69,77,88
5,35,45,48,55,62,66,69,80,81
8,36,38,48,59,86,94
13,17,79
8,28,29,63,69,73,74,86
28,35
8
47,50,62,74,80
7,38,61,63,85
34,45,51,72,85
7,43,46,47,48,63
22,47,54,60,66,69,81,94
4,23,35,85,87,98
15,29,36,86
4,5,8,11,29,55,56,61,78,85,87
36,43,87,92
38,48,63,90
14,33,38,74
45,63,78,80,86
43,50,73,80,92,93
7,8,9,17,26,63,75,98
15,35,41,43
43,47,55,71,78,80,85,88
23,36,53,63,81,83,85,89
11,42,62,63,67,69,72,81,83,88
17,21,63,69,86
11,36,50,81,85
31,78
38,40,51,63,85,86,99
17,36,39,48,63,67,71,72,75,78
5,13,21,36,39,52,57
6,18,36,63,69,87
29,39,87
28,52,61,67,85
23,40,48,52
9,11,14,25,33,38,61,93
3,5,36,40,63,67,68,86,97
8,9,36,48,63,69
8,11,36,46,63,78,93
12,23,26,50,78
7,36,63,67,71,73,86
3,5,21,49,63
11,38,67,87,92
29,36,86
3,8,28,60,87
11,63,83
8,9,38,45
24,34,40,63,66,78,88
3,8,28,40,43,60,61,62,68,87
3,19,51,80,95
5,44,48,73,81
11,35,36,85,95
6,9,23,57,63,69
22,23,47,68
33,69,81,93
0,5,25,35,39,61,62,63,72
0,22,39,42,85
53,63,69,95
51,55,66,81,87,95
14,28,87
17,62,63,69,81,91
11,26,69
8,66
8,21,27,36,48,66,69,85
0,38,40,43,62,87
17,28,35,40,85
3,24
38,63,69,75,80,93,95
28,35,49,61,74,86,87
7,14,17,40,52,55,61,63,83,87
8,14,28,47,48,63,93
45,66,69,74,78,83
20,34
7,50,57,72,92
3,11,15,51,73,89
8,36,42,81,87,96
9,11,36,38,47,63,85
14,34,38,71,80,85,95
3,35,69,71,80,88
3,38,46,71,87
3,14,69
9,12,40,51,72,86,87,97,98
8
34,36,42,70
25,50,55,97
33,43,49,61,63,72,80
3,19,29,43,63,69,74,80,89,93
8,12,17,38,87,92,93
17,63,71,88
6,29,35,62,63,78
9,39,68,71,73
3,29,48,56,78,79,89
39,67
12,23,35,48,69,84,88
8,14,38,67,87
20,33,52,67,87
3,5,8,25,48,53,67,72
11,12,17,18,33,34,36,70,81
38,46,49,63,87,95
3,21,36,63,64,67
9,69,85,87,89
55,66,69
69,99
51,67,74,85
8,17,21,35
5,14,17,69,73,81,83,86,87,90,95
9,40,51,52,61,74,75,80,85,97
28,36,38,51,55,68,83,89
36,52,63
17,25,45,50,63,69,80,94
19,28
42,60,63,67,73,98,99
25,29,51,62,67,69,87
87
23,28,38,48,81,86
47,87
11,34,38,39,40,63,69,87,93
10,11,12,18,26,49,51,66,74
7,8,29,63,74,78,80,96
39,40,43,59,80
9,14,50,52,85,88
13,26,28,29,43,61,62,63,69,85
3,38,41,42,48,59,63,67,78,88
11,20,22,36,48,50,72,81
36,40,67
4,19,39,40
15,62,72
8,17,72
29,38,39,85
8,23,26,28,36
36,72,78,89
3,21,36,43,53,62,63
3,23,39,40,48,49,89
16,17,21,42,74
8,12,71,80
78,80
12,39,81,83
11,17,36,38,42,49,52,54,62
7,39,43,87
3,8,15,38,69,89
5,6,17,33,34,36,45
7,23,34,36,38,39,63,97
3,20,67
38,48,62,87,97
7,28,48,74,78
32,38,80,85
9,47,63,83,87
36,38,61,78
9,11,12,28,34,40,46,51,63,69,85
8,9,11,35,38,57,59,63,69,72,83,89
3,9,21,28,60,69,87
9,19,35,62
8,14,48,69,86
14,23,30,36,61,66,71,83,89
8,12,14,50,66,74
33,40,52,91
4,28,31,41,69
25,42,43,73
6,28,41,80
7,12,21,61,89
12,36,38,49,51,63
33,36,47,57,63,74,83
11,35,36,76,92,95
17,69
7,66,86,87,95
0,62,71,72,93
40,44,60,87,93
8,11,43,62,70,83
17,21,70
36,63,66,74,85
0,3,12,34,51,81,86
36,39,66,72,81,83
5,40,69,85
17,19,23,55,61,62,63,93,98
0,10,38,43,61,80,86
11,17,40,51
11,38,76,81
36,38,39,61,63,68,71,78,81,85
4,47,51,55,72
22,36,38,63,80
9,19,39,63,90,92
38,72,86
12,21,23,36,48,61,63,66,69,99
0,4,8,14,17,36,78
34,35,40,51,52,96
3,63,68,87
6,19,25,33,62,75
47,63,73,98
13,21,28,42
11,16,62,63,67,71
31,78
5,13,21,36,39,52,57,77
7,67,69,86,87
38,52,53,63,87,88,89,95
8,13,15,35,43,83
7,28,29,36,40,46,87
33,36,63
8,21,26,31,38,43,54,62,85
6,14,29,31,35,39,43,47,63,67,74
36,61,80
23,33,36,48,69,74
28,35,36,44,76,78,87
0,23,38,61,73
12,14,17,19,42,63,88
14,15,19,23,28,38,62,63,80
18,38,81,86
34,36,38
94
14,35,39,42,63,72
7,28,36,40,72,80
3,41,42,61,74,80,81,85,93
8,25,60,69,87
41,59
3,9,35,36,48,78,80,86
7,63,74,78,96
10,11,14,16,38,47,62,72,76,86,93
41,52,61,76,78
47,51,63,71,87,97
9,26,35,38,39,76,80,87
33,48,63,89
17,19,23,55,61,62,63,93,98
19,29,55,70,87
5,18,39,97
8,29,39,47,49,68,86
0,26,29,86
3,38,43,48,53,69,78,95
28,69
26,32,38,67,68,77,93
28,38,47,49,60,62
9,18,36,42,61,63,77,81
23,61,69
8,15,29,36,41,47,48,69,72,86,93
35,36,41,46,47,61,67,81,85,93
0,17,28,31,38,67,96
4,14,17,26,35,36,40,62,63,87
38,47
14,16,36,39,42,43,52
14,35,36,63,72,80,95
14,17,23,36,38,68,83,89
14,43,52,89
1,47,83,86,89
0,3,62,69,85,87
25,36,50,55,67,88,97
11,13,46,74,92
4,8,12,17,89
0,28,62,63,72,74,83,85,89
23,26,36,38,40,42,69,71,79
7,47,52,68,80
9,28,38,43,48,69,74,79
14,38,48,55,63,69,98
48,72,94
7,16,21,38,69,75
3,36,83,87
34,69,86
42,86,87
6,41,80
14,36,38,61,87
3,13,24,38,41,52,61,68,87,96
4,9,24,40,48,51,52,63,75,80
38,39,43
44,48,72,93,95
9,39,41,47,49,63,86,87
4,61
17,33,38,47,66,87
33,48
3,57,85,86,89
3,17,26,27,43,53,69,78
3,12,21,36,47,69
5,14,23,36,67,68,83,89,94
46,52,83,94
9,60,92
9,28,69,83
45,57,77,81
4,11,28,38,39,69,78,85,93
3,5,28,63,95
11,36,38,57,69,87
26,46,70
35,36,63
33,36,52
0,10,51,75
5,28,34,38,41,44,48,63,69,71,76,81,83
8,10,19,36,80
0,3,8,11,16,18,28,38,43,73,76,89,97
29,38,49,60,67,86
3,17,21,43,48,53,63
6,8,63,90
3,29,55,85
8,14,22,28,34,69,87,89
11,26,27,66,73,81
0,42,68,69,88,98
0,22,38,39,47,63,69,78,97
11,69,80,81
8,14,28,47,67,87
0,8,38,42,73,83
29,38,47,67,73,83,95
0,28,36,44,51,63
35,38,43,63,87
8,49,68,78,81
